"TOA5","31406","CR1000X","31406","CR1000X.Std.05.01","CPU:sap_flow.CR1X","24332","Stem_Temp_Data"
"TIMESTAMP","RECORD","Pre_Temp_Down_Outer","Max_Temp_Down_Outer","Post_Temp_Down_Outer","Pre_Temp_Upper_Outer","Max_Temp_Upper_Outer","Post_Temp_Upper_Outer","Pre_Temp_Down_Inner","Max_Temp_Down_Inner","Post_Temp_Down_Inner","Pre_Temp_Upper_Inner","Max_Temp_Upper_Inner","Post_Temp_Upper_Inner"
"TS","RN","deg_C","deg_C","deg_C","deg_C","deg_C","deg_C","deg_C","deg_C","deg_C","deg_C","deg_C","deg_C"
"","","Smp","Smp","Smp","Smp","Smp","Smp","Smp","Smp","Smp","Smp","Smp","Smp"
"2022-05-03 10:20:00",0,18.935,0.498,19.392,18.853,0.222,19.04,17.685,0.544,18.157,17.717,0.166,17.86
"2022-05-03 10:40:00",1,18.705,0.504,19.168,18.644,0.237,18.855,17.693,0.551,18.169,17.729,0.159,17.863
"2022-05-03 11:00:00",2,18.477,0.456,18.88,18.414,0.198,18.563,17.726,0.531,18.18,17.733,0.152,17.855
"2022-05-03 11:20:00",3,18.35,0.503,18.818,18.4,0.232,18.598,17.738,0.54,18.208,17.785,0.167,17.929
"2022-05-03 11:40:00",4,18.126,0.512,18.605,18.209,0.244,18.42,17.723,0.537,18.193,17.778,0.172,17.929
"2022-05-03 12:00:00",5,18.243,0.523,18.736,18.313,0.255,18.551,17.8,0.547,18.278,17.856,0.169,18.005
"2022-05-03 12:20:00",6,18.215,0.529,18.713,18.286,0.245,18.503,17.841,0.548,18.32,17.891,0.175,18.048
"2022-05-03 12:40:00",7,18.328,0.514,18.808,18.396,0.23,18.593,17.944,0.546,18.422,17.998,0.17,18.146
"2022-05-03 13:00:00",8,18.354,0.486,18.804,18.387,0.23,18.583,18.036,0.529,18.495,18.067,0.161,18.202
"2022-05-03 13:20:00",9,18.342,0.518,18.829,18.411,0.253,18.64,18.06,0.54,18.531,18.097,0.169,18.245
"2022-05-03 13:40:00",10,18.341,0.486,18.792,18.402,0.203,18.559,18.089,0.528,18.552,18.118,0.169,18.261
"2022-05-03 14:00:00",11,18.435,0.501,18.904,18.451,0.25,18.682,18.157,0.535,18.622,18.177,0.162,18.315
"2022-05-03 14:20:00",12,18.326,0.49,18.783,18.345,0.243,18.563,18.157,0.524,18.615,18.166,0.169,18.313
"2022-05-03 14:40:00",13,18.246,0.497,18.715,18.303,0.261,18.547,18.15,0.52,18.604,18.155,0.171,18.306
"2022-05-03 15:00:00",14,18.321,0.49,18.783,18.346,0.243,18.566,18.174,0.514,18.626,18.172,0.172,18.322
"2022-05-03 15:20:00",15,18.256,0.48,18.709,18.324,0.247,18.543,18.171,0.511,18.621,18.176,0.176,18.331
"2022-05-03 15:40:00",16,18.082,0.464,18.523,18.164,0.256,18.399,18.114,0.486,18.547,18.119,0.185,18.283
"2022-05-03 16:00:00",17,17.826,0.462,18.267,17.935,0.254,18.164,17.967,0.473,18.392,17.972,0.19,18.141
"2022-05-03 16:20:00",18,17.715,0.479,18.178,17.807,0.276,18.07,17.875,0.479,18.306,17.874,0.191,18.046
"2022-05-03 16:40:00",19,17.689,0.46,18.128,17.785,0.252,18.014,17.848,0.478,18.277,17.844,0.188,18.012
"2022-05-03 17:00:00",20,17.652,0.456,18.087,17.73,0.259,17.967,17.813,0.469,18.235,17.8,0.19,17.97
"2022-05-03 17:20:00",21,17.526,0.435,17.943,17.594,0.249,17.82,17.731,0.459,18.144,17.717,0.193,17.889
"2022-05-03 17:40:00",22,17.457,0.437,17.876,17.562,0.256,17.798,17.686,0.449,18.091,17.673,0.199,17.853
"2022-05-03 18:00:00",23,17.267,0.422,17.671,17.432,0.265,17.678,17.577,0.442,17.975,17.572,0.207,17.762
"2022-05-03 18:20:00",24,17.044,0.406,17.429,17.206,0.259,17.44,17.443,0.43,17.829,17.428,0.205,17.614
"2022-05-03 18:40:00",25,16.76,0.409,17.154,16.944,0.281,17.21,17.229,0.417,17.604,17.214,0.22,17.418
"2022-05-03 19:00:00",26,16.469,0.377,16.826,16.696,0.259,16.931,17.033,0.397,17.386,17.018,0.222,17.222
"2022-05-03 19:20:00",27,16.125,0.377,16.484,16.349,0.283,16.616,16.747,0.388,17.092,16.724,0.236,16.945
"2022-05-03 19:40:00",28,15.767,0.361,16.107,15.985,0.277,16.243,16.483,0.377,16.816,16.447,0.235,16.664
"2022-05-03 20:00:00",29,15.481,0.361,15.824,15.726,0.286,15.996,16.209,0.377,16.543,16.177,0.246,16.409
"2022-05-03 20:20:00",30,15.176,0.353,15.51,15.426,0.276,15.684,15.955,0.372,16.283,15.92,0.244,16.148
"2022-05-03 20:40:00",31,14.923,0.35,15.254,15.143,0.284,15.41,15.703,0.372,16.031,15.652,0.247,15.884
"2022-05-03 21:00:00",32,14.583,0.366,14.933,14.824,0.292,15.102,15.409,0.373,15.739,15.356,0.25,15.592
"2022-05-03 21:20:00",33,14.469,0.359,14.811,14.661,0.295,14.942,15.232,0.373,15.563,15.162,0.255,15.404
"2022-05-03 21:40:00",34,14.16,0.354,14.495,14.396,0.297,14.681,15.002,0.369,15.327,14.931,0.251,15.169
"2022-05-03 22:00:00",35,13.993,0.363,14.341,14.278,0.298,14.564,14.81,0.372,15.141,14.773,0.255,15.015
"2022-05-03 22:20:00",36,13.862,0.358,14.205,14.167,0.291,14.445,14.669,0.372,14.999,14.646,0.253,14.885
"2022-05-03 22:40:00",37,13.758,0.363,14.105,14.028,0.3,14.316,14.523,0.375,14.859,14.491,0.257,14.736
"2022-05-03 23:00:00",38,13.613,0.369,13.968,13.924,0.297,14.209,14.396,0.373,14.729,14.377,0.257,14.621
"2022-05-03 23:20:00",39,13.531,0.364,13.879,13.825,0.296,14.109,14.291,0.372,14.623,14.267,0.257,14.512
"2022-05-03 23:40:00",40,13.488,0.361,13.833,13.77,0.297,14.055,14.219,0.372,14.551,14.195,0.257,14.44
"2022-05-04 00:00:00",41,13.404,0.365,13.755,13.687,0.292,13.964,14.137,0.371,14.468,14.112,0.257,14.356
"2022-05-04 00:20:00",42,13.271,0.354,13.607,13.51,0.286,13.78,14.021,0.369,14.35,13.976,0.253,14.215
"2022-05-04 00:40:00",43,12.962,0.356,13.302,13.214,0.296,13.497,13.815,0.365,14.138,13.753,0.252,13.991
"2022-05-04 01:00:00",44,12.736,0.362,13.08,13.015,0.287,13.287,13.613,0.37,13.941,13.566,0.251,13.803
"2022-05-04 01:20:00",45,12.559,0.362,12.906,12.866,0.299,13.153,13.435,0.373,13.768,13.396,0.257,13.641
"2022-05-04 01:40:00",46,12.502,0.367,12.853,12.787,0.3,13.075,13.317,0.377,13.655,13.278,0.259,13.525
"2022-05-04 02:00:00",47,12.44,0.361,12.783,12.701,0.296,12.983,13.232,0.376,13.567,13.184,0.259,13.43
"2022-05-04 02:20:00",48,12.364,0.369,12.719,12.599,0.295,12.881,13.137,0.378,13.476,13.079,0.257,13.324
"2022-05-04 02:40:00",49,12.235,0.367,12.585,12.461,0.299,12.747,13.024,0.377,13.361,12.955,0.255,13.197
"2022-05-04 03:00:00",50,12.187,0.368,12.54,12.376,0.295,12.658,12.937,0.381,13.28,12.858,0.253,13.099
"2022-05-04 03:20:00",51,12.125,0.369,12.479,12.327,0.294,12.607,12.862,0.384,13.208,12.792,0.253,13.033
"2022-05-04 03:40:00",52,12.037,0.375,12.399,12.23,0.291,12.508,12.789,0.384,13.134,12.714,0.248,12.949
"2022-05-04 04:00:00",53,11.947,0.375,12.309,12.156,0.289,12.431,12.707,0.388,13.055,12.639,0.247,12.873
"2022-05-04 04:20:00",54,11.929,0.371,12.285,12.116,0.293,12.395,12.648,0.391,13.001,12.582,0.25,12.819
"2022-05-04 04:40:00",55,11.879,0.379,12.244,12.073,0.287,12.345,12.606,0.391,12.96,12.544,0.246,12.777
"2022-05-04 05:00:00",56,11.835,0.384,12.206,12.025,0.288,12.299,12.557,0.393,12.912,12.494,0.244,12.725
"2022-05-04 05:20:00",57,11.805,0.377,12.169,11.993,0.287,12.265,12.516,0.394,12.872,12.455,0.243,12.685
"2022-05-04 05:40:00",58,11.753,0.376,12.114,11.953,0.284,12.222,12.466,0.395,12.822,12.411,0.242,12.64
"2022-05-04 06:00:00",59,11.715,0.378,12.077,11.886,0.285,12.157,12.415,0.395,12.772,12.353,0.24,12.58
"2022-05-04 06:20:00",60,11.754,0.429,12.178,11.863,0.299,12.153,12.371,0.402,12.737,12.302,0.236,12.525
"2022-05-04 06:40:00",61,13.476,-99,13.99,13.085,-99,13.449,12.94,0.456,13.377,12.785,0.274,13.056
"2022-05-04 07:00:00",62,14.217,0.473,14.688,14.013,0.269,14.268,13.804,0.451,14.222,13.705,0.225,13.919
"2022-05-04 07:20:00",63,14.758,0.391,15.114,14.673,0.234,14.871,14.389,0.465,14.812,14.335,0.212,14.532
"2022-05-04 07:40:00",64,14.233,0.445,14.654,14.291,0.233,14.492,14.396,0.47,14.817,14.392,0.185,14.555
"2022-05-04 08:00:00",65,14.074,0.557,14.628,14.111,0.259,14.356,14.333,0.489,14.774,14.344,0.181,14.504
"2022-05-04 08:20:00",66,15.041,0.465,15.482,14.792,0.266,15.04,14.652,0.512,15.117,14.617,0.196,14.799
"2022-05-04 08:40:00",67,15.468,0.527,15.99,15.399,0.283,15.669,15.012,0.524,15.49,15.02,0.199,15.208
"2022-05-04 09:00:00",68,16.764,0.54,17.295,16.261,0.31,16.566,15.596,0.535,16.089,15.569,0.207,15.768
"2022-05-04 09:20:00",69,17.259,0.508,17.738,16.822,0.251,17.05,16.129,0.528,16.606,16.112,0.19,16.287
"2022-05-04 09:40:00",70,17.096,0.511,17.584,17.042,0.258,17.271,16.408,0.525,16.875,16.435,0.187,16.607
"2022-05-04 10:00:00",71,17.016,0.471,17.445,16.991,0.225,17.179,16.554,0.525,17.015,16.59,0.169,16.736
"2022-05-04 10:20:00",72,17.105,0.514,17.591,17.073,0.248,17.3,16.625,0.539,17.102,16.67,0.173,16.824
"2022-05-04 10:40:00",73,16.99,0.508,17.469,17.037,0.234,17.248,16.706,0.536,17.176,16.75,0.171,16.899
"2022-05-04 11:00:00",74,16.965,0.509,17.436,16.997,0.239,17.211,16.774,0.54,17.241,16.801,0.16,16.936
"2022-05-04 11:20:00",75,16.861,0.5,17.322,16.926,0.223,17.115,16.779,0.541,17.245,16.808,0.16,16.943
"2022-05-04 11:40:00",76,16.981,0.523,17.467,17.021,0.238,17.227,16.832,0.554,17.31,16.864,0.163,17.003
"2022-05-04 12:00:00",77,17.007,0.493,17.453,17.075,0.208,17.226,16.926,0.545,17.392,16.949,0.159,17.081
"2022-05-04 12:20:00",78,17.007,0.506,17.474,17.064,0.224,17.256,16.959,0.545,17.427,16.983,0.16,17.117
"2022-05-04 12:40:00",79,17.144,0.516,17.624,17.198,0.238,17.408,17.043,0.553,17.517,17.064,0.16,17.2
"2022-05-04 13:00:00",80,17.185,0.523,17.669,17.249,0.221,17.435,17.089,0.555,17.566,17.113,0.162,17.248
"2022-05-04 13:20:00",81,17.134,0.51,17.606,17.198,0.236,17.406,17.114,0.546,17.585,17.133,0.161,17.268
"2022-05-04 13:40:00",82,17.244,0.528,17.736,17.32,0.247,17.537,17.162,0.555,17.643,17.183,0.17,17.33
"2022-05-04 14:00:00",83,17.259,0.505,17.723,17.301,0.209,17.466,17.198,0.546,17.669,17.21,0.161,17.342
"2022-05-04 14:20:00",84,17.266,0.521,17.753,17.318,0.249,17.543,17.228,0.545,17.699,17.236,0.165,17.378
"2022-05-04 14:40:00",85,17.353,0.508,17.828,17.389,0.251,17.617,17.289,0.537,17.755,17.289,0.165,17.429
"2022-05-04 15:00:00",86,17.405,0.52,17.897,17.443,0.258,17.686,17.324,0.539,17.795,17.331,0.171,17.479
"2022-05-04 15:20:00",87,17.543,0.508,18.018,17.574,0.237,17.786,17.41,0.534,17.879,17.412,0.172,17.56
"2022-05-04 15:40:00",88,17.693,0.496,18.153,17.717,0.224,17.903,17.516,0.532,17.985,17.52,0.17,17.663
"2022-05-04 16:00:00",89,17.733,0.515,18.226,17.808,0.271,18.061,17.566,0.523,18.034,17.581,0.187,17.75
"2022-05-04 16:20:00",90,17.994,0.478,18.438,18.022,0.212,18.189,17.736,0.519,18.196,17.735,0.173,17.882
"2022-05-04 16:40:00",91,18.182,0.487,18.645,18.239,0.247,18.459,17.858,0.504,18.314,17.868,0.188,18.035
"2022-05-04 17:00:00",92,18.205,0.474,18.659,18.229,0.27,18.482,17.935,0.489,18.377,17.925,0.198,18.106
"2022-05-04 17:20:00",93,18.369,0.462,18.809,18.423,0.264,18.663,18.094,0.479,18.528,18.092,0.2,18.274
"2022-05-04 17:40:00",94,18.383,0.445,18.805,18.453,0.252,18.68,18.176,0.466,18.598,18.18,0.199,18.36
"2022-05-04 18:00:00",95,18.151,0.437,18.569,18.25,0.268,18.5,18.12,0.45,18.527,18.118,0.207,18.307
"2022-05-04 18:20:00",96,17.964,0.421,18.366,18.106,0.266,18.352,18.04,0.437,18.435,18.041,0.213,18.236
"2022-05-04 18:40:00",97,17.664,0.395,18.04,17.817,0.267,18.063,17.891,0.412,18.26,17.875,0.218,18.075
"2022-05-04 19:00:00",98,17.338,0.374,17.693,17.513,0.271,17.764,17.679,0.392,18.028,17.658,0.23,17.87
"2022-05-04 19:20:00",99,16.976,0.362,17.318,17.185,0.276,17.442,17.428,0.38,17.765,17.406,0.238,17.628
"2022-05-04 19:40:00",100,16.552,0.351,16.882,16.788,0.278,17.048,17.133,0.37,17.459,17.106,0.242,17.332
"2022-05-04 20:00:00",101,16.119,0.354,16.454,16.4,0.282,16.664,16.807,0.366,17.128,16.785,0.246,17.015
"2022-05-04 20:20:00",102,15.729,0.357,16.068,16.015,0.29,16.29,16.478,0.366,16.8,16.451,0.25,16.686
"2022-05-04 20:40:00",103,15.488,0.356,15.826,15.762,0.29,16.037,16.223,0.368,16.548,16.197,0.253,16.435
"2022-05-04 21:00:00",104,15.256,0.353,15.59,15.539,0.291,15.815,15.995,0.368,16.32,15.969,0.255,16.21
"2022-05-04 21:20:00",105,15.014,0.355,15.352,15.302,0.291,15.578,15.772,0.369,16.098,15.748,0.255,15.989
"2022-05-04 21:40:00",106,14.763,0.352,15.097,15.048,0.291,15.324,15.552,0.367,15.875,15.519,0.254,15.759
"2022-05-04 22:00:00",107,14.516,0.353,14.852,14.8,0.291,15.076,15.323,0.366,15.647,15.288,0.254,15.528
"2022-05-04 22:20:00",108,14.309,0.354,14.645,14.591,0.292,14.868,15.115,0.368,15.441,15.081,0.254,15.322
"2022-05-04 22:40:00",109,14.07,0.349,14.402,14.372,0.291,14.649,14.905,0.365,15.228,14.875,0.256,15.117
"2022-05-04 23:00:00",110,13.838,0.35,14.171,14.113,0.29,14.388,14.686,0.364,15.008,14.639,0.256,14.88
"2022-05-04 23:20:00",111,13.659,0.358,14.002,13.931,0.3,14.219,14.489,0.366,14.815,14.442,0.261,14.69
"2022-05-04 23:40:00",112,13.586,0.353,13.923,13.868,0.295,14.151,14.377,0.365,14.702,14.339,0.26,14.587
"2022-05-05 00:00:00",113,13.401,0.348,13.73,13.682,0.286,13.952,14.23,0.362,14.55,14.188,0.256,14.43
"2022-05-05 00:20:00",114,13.216,0.358,13.558,13.461,0.301,13.75,14.04,0.364,14.363,13.981,0.26,14.228
"2022-05-05 00:40:00",115,13.154,0.36,13.5,13.414,0.307,13.71,13.92,0.365,14.245,13.87,0.263,14.122
"2022-05-05 01:00:00",116,13.13,0.361,13.477,13.389,0.304,13.682,13.849,0.365,14.176,13.808,0.263,14.06
"2022-05-05 01:20:00",117,13.055,0.365,13.406,13.323,0.304,13.616,13.761,0.366,14.088,13.725,0.264,13.978
"2022-05-05 01:40:00",118,13.003,0.36,13.347,13.278,0.304,13.57,13.694,0.365,14.02,13.664,0.265,13.917
"2022-05-05 02:00:00",119,12.995,0.364,13.345,13.272,0.304,13.565,13.639,0.369,13.969,13.616,0.265,13.87
"2022-05-05 02:20:00",120,12.965,0.361,13.312,13.243,0.302,13.533,13.596,0.369,13.926,13.575,0.265,13.828
"2022-05-05 02:40:00",121,12.907,0.359,13.251,13.195,0.301,13.484,13.535,0.37,13.866,13.519,0.264,13.772
"2022-05-05 03:00:00",122,12.858,0.359,13.201,13.144,0.3,13.431,13.481,0.37,13.812,13.464,0.264,13.716
"2022-05-05 03:20:00",123,12.825,0.36,13.17,13.103,0.3,13.392,13.426,0.372,13.76,13.408,0.264,13.66
"2022-05-05 03:40:00",124,12.791,0.365,13.141,13.054,0.297,13.338,13.373,0.375,13.709,13.356,0.262,13.606
"2022-05-05 04:00:00",125,12.733,0.364,13.082,12.992,0.301,13.281,13.311,0.376,13.648,13.289,0.262,13.539
"2022-05-05 04:20:00",126,12.682,0.365,13.032,12.949,0.299,13.236,13.256,0.376,13.594,13.24,0.261,13.489
"2022-05-05 04:40:00",127,12.624,0.363,12.971,12.897,0.296,13.181,13.204,0.375,13.54,13.19,0.26,13.437
"2022-05-05 05:00:00",128,12.578,0.367,12.93,12.851,0.298,13.137,13.143,0.377,13.482,13.131,0.259,13.378
"2022-05-05 05:20:00",129,12.542,0.366,12.893,12.808,0.297,13.092,13.097,0.378,13.437,13.083,0.259,13.33
"2022-05-05 05:40:00",130,12.503,0.368,12.857,12.76,0.296,13.043,13.047,0.379,13.387,13.03,0.258,13.275
"2022-05-05 06:00:00",131,12.479,0.367,12.83,12.713,0.296,12.996,13.005,0.378,13.345,12.978,0.256,13.222
"2022-05-05 06:20:00",132,12.55,0.413,12.961,12.754,0.315,13.063,12.979,0.384,13.328,12.955,0.261,13.205
"2022-05-05 06:40:00",133,15.185,-99,15.752,14.683,-99,15.131,13.876,0.457,14.325,13.749,-99,14.078
"2022-05-05 07:00:00",134,16.991,-99,17.554,16.663,-99,16.999,15.343,0.459,15.787,15.306,-99,15.588
"2022-05-05 07:20:00",135,18.519,0.391,18.882,18.312,0.254,18.54,16.66,0.464,17.097,16.64,0.247,16.88
"2022-05-05 07:40:00",136,18.118,0.433,18.522,18.019,0.218,18.2,16.943,0.47,17.366,16.926,0.186,17.09
"2022-05-05 08:00:00",137,17.777,0.591,18.362,17.657,0.261,17.903,16.884,0.511,17.342,16.898,0.177,17.054
"2022-05-05 08:20:00",138,19.475,0.488,19.913,19.021,0.264,19.269,17.512,0.558,18.014,17.488,0.187,17.662
"2022-05-05 08:40:00",139,19.598,0.573,20.147,19.361,0.234,19.571,17.923,0.556,18.411,17.911,0.171,18.062
"2022-05-05 09:00:00",140,21.199,0.568,21.741,20.651,0.302,20.949,18.622,0.581,19.142,18.61,0.194,18.796
"2022-05-05 09:20:00",141,21.926,0.583,22.481,21.539,0.238,21.752,19.36,0.575,19.867,19.378,0.18,19.543
"2022-05-05 09:40:00",142,21.444,0.476,21.853,21.322,0.195,21.481,19.706,0.555,20.176,19.762,0.153,19.889
"2022-05-05 10:00:00",143,21.269,0.482,21.685,21.208,0.199,21.363,19.889,0.555,20.354,19.957,0.145,20.072
"2022-05-05 10:20:00",144,21.298,0.501,21.736,21.19,0.225,21.372,19.981,0.553,20.443,20.01,0.15,20.133
"2022-05-05 10:40:00",145,21.102,0.525,21.573,21.083,0.228,21.277,19.986,0.565,20.46,20.033,0.151,20.157
"2022-05-05 11:00:00",146,20.956,0.534,21.432,20.981,0.216,21.139,19.983,0.571,20.462,20.031,0.154,20.157
"2022-05-05 11:20:00",147,20.914,0.531,21.39,20.947,0.216,21.127,20.017,0.569,20.495,20.061,0.154,20.186
"2022-05-05 11:40:00",148,20.82,0.531,21.29,20.843,0.214,21.013,20.029,0.568,20.503,20.062,0.153,20.186
"2022-05-05 12:00:00",149,20.621,0.524,21.086,20.66,0.2,20.814,19.992,0.569,20.469,20.032,0.151,20.151
"2022-05-05 12:20:00",150,20.575,0.534,21.051,20.62,0.2,20.775,19.973,0.57,20.451,20.002,0.154,20.126
