"TOA5","25932","CR1000X","25932","CR1000X.Std.05.01","CPU:sap_flow.CR1X","24332","Stem_Water_Data"
"TIMESTAMP","RECORD","SWC_Outer","SWC_Inner","Heat_Capacity_Outer","Heat_Capacity_Inner","Pulse_Energy","Pulse_Duration"
"TS","RN","%","%","kJ/m^3","kJ/m^3","J/m","sec"
"","","Smp","Smp","Smp","Smp","Smp","Smp"
"2022-05-03 11:20:00",0,29.12,32.56,2058,2202,315.789,3.002
"2022-05-03 11:40:00",1,33.52,37.29,2242,2400,318.252,3.003
"2022-05-03 12:00:00",2,31.56,36.1,2160,2350,318.318,3.001
"2022-05-03 12:20:00",3,26.78,34.47,1960,2282,319.063,3.001
"2022-05-03 12:40:00",4,29.29,35.45,2065,2323,319.793,3.001
"2022-05-03 13:00:00",5,35.17,34.88,2311,2299,320.534,3.003
"2022-05-03 13:20:00",6,32.15,34.54,2185,2285,321.896,3.001
"2022-05-03 13:40:00",7,34.04,32.97,2264,2219,322.136,3.001
"2022-05-03 14:00:00",8,28.19,32.68,2019,2207,322.841,3.002
"2022-05-03 14:20:00",9,26.2,32.54,1936,2201,323.48,3.002
"2022-05-03 14:40:00",10,38.82,37.87,2464,2424,324.091,3.001
"2022-05-03 15:00:00",11,-99,30.7,-99,2124,324.376,3.006
"2022-05-03 15:20:00",12,42.31,32.8,2610,2212,322.682,3.001
"2022-05-03 15:40:00",13,42.94,46.67,2636,2792,322.06,3.001
"2022-05-03 16:00:00",14,39.66,46.57,2499,2788,321.573,3.001
"2022-05-03 16:20:00",15,36.36,43.8,2361,2672,320.671,3.002
"2022-05-03 16:40:00",16,31.82,41.07,2171,2558,319.849,3.001
"2022-05-03 17:00:00",17,-99,37.49,-99,2408,321.006,3.003
"2022-05-03 17:20:00",18,27.99,32.49,2011,2199,320.813,3.002
"2022-05-03 17:40:00",19,41.55,37.56,2578,2411,320.58,3.001
"2022-05-03 18:00:00",20,43.96,42.84,2679,2632,320.617,3.003
"2022-05-03 18:20:00",21,40.81,48.22,2547,2857,320.291,3.003
"2022-05-03 18:40:00",22,47.19,52.21,2814,3024,319.535,3.001
"2022-05-03 19:00:00",23,42.17,50.9,2604,2969,319.049,3.001
"2022-05-03 19:20:00",24,41.98,50.92,2596,2970,319.099,3.003
"2022-05-03 19:40:00",25,42.15,51.4,2603,2990,318.072,3.001
"2022-05-03 20:00:00",26,41.29,50.99,2567,2973,317.301,3.002
"2022-05-03 20:20:00",27,39.92,49.89,2510,2927,316.556,3.002
"2022-05-03 20:40:00",28,40.07,49.18,2516,2897,316.522,3.003
"2022-05-03 21:00:00",29,39.92,49.25,2510,2900,315.721,3.001
"2022-05-03 21:20:00",30,39.95,48.79,2511,2881,315.815,3.002
"2022-05-03 21:40:00",31,40.11,49.03,2518,2891,315.84,3.004
"2022-05-03 22:00:00",32,40,49.1,2513,2894,315.167,3.001
"2022-05-03 22:20:00",33,39.25,48.6,2482,2873,314.858,3.001
"2022-05-03 22:40:00",34,39.66,48.48,2499,2868,314.294,3.002
"2022-05-03 23:00:00",35,39.28,47.76,2483,2838,314.091,3.002
"2022-05-03 23:20:00",36,39.33,47.84,2485,2841,314.406,3.006
"2022-05-03 23:40:00",37,39.52,47.65,2493,2833,313.512,3.002
"2022-05-04 00:00:00",38,39.56,47.91,2495,2844,313.771,3.004
"2022-05-04 00:20:00",39,39.73,47.74,2502,2837,312.93,3.002
"2022-05-04 00:40:00",40,39.35,47.88,2486,2843,312.612,3.002
"2022-05-04 01:00:00",41,38.82,48.29,2464,2860,313.451,3.005
"2022-05-04 01:20:00",42,38.9,48.17,2467,2855,312.947,3.001
"2022-05-04 01:40:00",43,38.56,47.1,2453,2810,312.987,3.001
"2022-05-04 02:00:00",44,38.87,46.83,2466,2799,312.79,3.001
"2022-05-04 02:20:00",45,38.8,46.33,2463,2778,312.45,3.002
"2022-05-04 02:40:00",46,38.7,46.62,2459,2790,312.879,3.002
"2022-05-04 03:00:00",47,38.13,46.12,2435,2769,312.413,3.001
"2022-05-04 03:20:00",48,38.23,46.21,2439,2773,312.904,3.005
"2022-05-04 03:40:00",49,38.2,46.19,2438,2772,312.82,3.004
"2022-05-04 04:00:00",50,38.2,45.97,2438,2763,312.797,3.005
"2022-05-04 04:20:00",51,38.25,45.42,2440,2740,312.195,3.001
"2022-05-04 04:40:00",52,38.11,45.88,2434,2759,312.288,3.002
"2022-05-04 05:00:00",53,37.82,45.52,2422,2744,311.611,3.001
"2022-05-04 05:20:00",54,38.44,45.88,2448,2759,312.367,3.002
"2022-05-04 05:40:00",55,38.66,45.92,2457,2761,312.535,3.005
"2022-05-04 06:00:00",56,37.49,45.49,2408,2743,311.504,3.001
"2022-05-04 06:20:00",57,36.62,45.18,2372,2730,311.971,3.002
"2022-05-04 06:40:00",58,36.29,44.32,2358,2694,312.729,3.004
"2022-05-04 07:00:00",59,36.36,43.44,2361,2657,312.289,3.002
"2022-05-04 07:20:00",60,35.09,41.84,2308,2590,312.737,3.002
"2022-05-04 07:40:00",61,33.47,39.8,2240,2505,312.328,3.002
"2022-05-04 08:00:00",62,33.09,38.47,2224,2449,313.394,3.003
"2022-05-04 08:20:00",63,32.54,37.94,2201,2427,313.16,3.002
"2022-05-04 08:40:00",64,32.97,37.96,2219,2428,314.939,3.001
"2022-05-04 09:00:00",65,32.54,37.75,2201,2419,315.593,3.001
"2022-05-04 09:20:00",66,32.2,37.32,2187,2401,316.738,3.002
"2022-05-04 09:40:00",67,31.87,36.94,2173,2385,317.085,3.002
"2022-05-04 10:00:00",68,32.15,36.48,2185,2366,318.05,3.006
"2022-05-04 10:20:00",69,32.15,36.96,2185,2386,318.071,3.003
"2022-05-04 10:40:00",70,32.85,37.6,2214,2413,318.225,3.005
"2022-05-04 11:00:00",71,29.72,35.62,2083,2330,317.404,3.001
"2022-05-04 11:20:00",72,30.48,33.42,2115,2238,317.707,3.002
"2022-05-04 11:40:00",73,32.58,36.53,2203,2368,318.302,3.001
"2022-05-04 12:00:00",74,31.53,35.6,2159,2329,318.905,3.001
"2022-05-04 12:20:00",75,-99,32.94,-99,2218,319.709,3.002
"2022-05-04 12:40:00",76,31.08,34.93,2140,2301,319.97,3.001
"2022-05-04 13:00:00",77,37.68,32.03,2416,2180,320.44,3.002
"2022-05-04 13:20:00",78,-99,32.35,-99,2193,321.601,3.002
"2022-05-04 13:40:00",79,28.74,31.2,2042,2145,322.161,3.001
"2022-05-04 14:00:00",80,-99,31.46,-99,2156,323.896,3.004
"2022-05-04 14:20:00",81,-99,30.53,-99,2117,324.083,3.002
"2022-05-04 14:40:00",82,33.99,35.38,2262,2320,323.503,3.002
"2022-05-04 15:00:00",83,26.44,32.2,1946,2187,323.857,3.001
"2022-05-04 15:20:00",84,38.75,28.93,2461,2050,321.952,3.002
"2022-05-04 15:40:00",85,51.73,46.78,3004,2797,321.673,3.002
"2022-05-04 16:00:00",86,39.47,45.09,2491,2726,321.327,3.005
"2022-05-04 16:20:00",87,35.52,43.32,2326,2652,320.18,3.001
"2022-05-04 16:40:00",88,-99,38.68,-99,2458,319.726,3.002
"2022-05-04 17:00:00",89,-99,34.69,-99,2291,321.109,3.002
"2022-05-04 17:20:00",90,-99,31.27,-99,2148,321.176,3.002
"2022-05-04 17:40:00",91,32.46,36.5,2198,2367,321.515,3.002
"2022-05-04 18:00:00",92,43.03,41.93,2640,2594,320.701,3.002
"2022-05-04 18:20:00",93,40.16,50.54,2520,2954,320.566,3.004
"2022-05-04 18:40:00",94,46.59,51.28,2789,2985,319.688,3.001
"2022-05-04 19:00:00",95,43.58,52.5,2663,3036,319.664,3.002
"2022-05-04 19:20:00",96,43.63,52.33,2665,3029,318.93,3.002
"2022-05-04 19:40:00",97,42.7,52.12,2626,3020,318.022,3.002
"2022-05-04 20:00:00",98,42.03,52.24,2598,3025,317.422,3.002
"2022-05-04 20:20:00",99,42.24,51.57,2607,2997,316.618,3.003
"2022-05-04 20:40:00",100,41.45,51.3,2574,2986,315.464,3.001
"2022-05-04 21:00:00",101,39.95,50.68,2511,2960,315.863,3.003
"2022-05-04 21:20:00",102,40.31,49.75,2526,2921,315.897,3.005
"2022-05-04 21:40:00",103,39.64,49.56,2498,2913,315.037,3.002
"2022-05-04 22:00:00",104,39.85,49.65,2507,2917,314.484,3.001
"2022-05-04 22:20:00",105,38.73,48.58,2460,2872,313.787,3.002
"2022-05-04 22:40:00",106,39.66,48.74,2499,2879,313.451,3.001
"2022-05-04 23:00:00",107,40.14,48.67,2519,2876,313.167,3.002
"2022-05-04 23:20:00",108,38.03,47.69,2431,2835,312.812,3.001
"2022-05-04 23:40:00",109,38.68,47.43,2458,2824,313.605,3.006
"2022-05-05 00:00:00",110,39.97,48.24,2512,2858,313.197,3.002
"2022-05-05 00:20:00",111,38.03,48.12,2431,2853,312.72,3.002
"2022-05-05 00:40:00",112,37.03,46.55,2389,2787,312.454,3.002
"2022-05-05 01:00:00",113,38.3,46.95,2442,2804,312.418,3.002
"2022-05-05 01:20:00",114,39.23,47.96,2481,2846,313.018,3.005
"2022-05-05 01:40:00",115,37.46,47.17,2407,2813,312.326,3.001
"2022-05-05 02:00:00",116,38.03,46.64,2431,2791,311.951,3.002
"2022-05-05 02:20:00",117,38.08,46.47,2433,2784,312.191,3.004
"2022-05-05 02:40:00",118,37.49,46.14,2408,2770,311.561,3.002
"2022-05-05 03:00:00",119,37.77,46.07,2420,2767,312.167,3.006
"2022-05-05 03:20:00",120,37.39,45.78,2404,2755,311.842,3.004
"2022-05-05 03:40:00",121,38.61,46.09,2455,2768,311.395,3.002
"2022-05-05 04:00:00",122,38.37,46.45,2445,2783,311.007,3.001
"2022-05-05 04:20:00",123,38.35,46.19,2444,2772,311.785,3.005
"2022-05-05 04:40:00",124,38.78,46.55,2462,2787,311.511,3.003
"2022-05-05 05:00:00",125,37.34,46.19,2402,2772,310.812,3.002
"2022-05-05 05:20:00",126,37.8,45.49,2421,2743,311.473,3.004
"2022-05-05 05:40:00",127,39.02,45.8,2472,2756,310.946,3.002
"2022-05-05 06:00:00",128,37.99,46.81,2429,2798,310.72,3.001
"2022-05-05 06:20:00",129,36.27,44.35,2357,2695,310.86,3.002
"2022-05-05 06:40:00",130,36.41,44.11,2363,2685,310.739,3.001
"2022-05-05 07:00:00",131,34.57,42.31,2286,2610,311.413,3.003
"2022-05-05 07:20:00",132,32.49,39.61,2199,2497,311.362,3.002
"2022-05-05 07:40:00",133,32.37,37.29,2194,2400,312.222,3.004
"2022-05-05 08:00:00",134,30.67,35.55,2123,2327,312.799,3.002
"2022-05-05 08:20:00",135,31.29,35.26,2149,2315,313.617,3.004
"2022-05-05 08:40:00",136,31.22,35.74,2146,2335,314.634,3.003
"2022-05-05 09:00:00",137,31.22,35.26,2146,2315,316.165,3.004
"2022-05-05 09:20:00",138,31.44,35.38,2155,2320,316.023,3.001
"2022-05-05 09:40:00",139,29.69,34.19,2082,2270,316.5,3.002
"2022-05-05 10:00:00",140,29.81,33.76,2087,2252,317.303,3.003
"2022-05-05 10:20:00",141,29.02,33.37,2054,2236,317.369,3.002
"2022-05-05 10:40:00",142,29.38,33.37,2069,2236,317.429,3.001
