"TOA5","31407","CR1000X","31407","CR1000X.Std.05.01","CPU:sap_flow.CR1X","24332","Diagnostic_Data"
"TIMESTAMP","RECORD","Batt_volt","PTemp","Tmax_Outer","Tmax_Inner","uTmax_Outer","uTmax_Inner","AvgVolts","AvgCurrent","MinVolts","MaxVolts","Diagnostic"
"TS","RN","","","secs","secs","sec","sec","Volts","amps","Volts","Volts",""
"","","Smp","Smp","Smp","Smp","Smp","Smp","Smp","Smp","Smp","Smp","Smp"
"2022-05-03 10:00:00",0,12.69,18.75,53.337,55.976,60.481,56.287,11.35,0.283,12.06,11.34,0
"2022-05-03 10:20:00",1,12.68,19.48,52.179,55.804,54.768,54.613,11.36,0.283,12.07,11.35,0
"2022-05-03 10:40:00",2,12.67,20.43,51.213,54.838,52.714,53.647,11.36,0.283,12.06,11.35,0
"2022-05-03 11:00:00",3,12.67,22.24,50.232,55.93,52.977,52.666,11.36,0.283,12.06,11.35,0
"2022-05-03 11:20:00",4,12.66,22.58,53.031,54.741,51.476,52.979,11.36,0.283,12.06,11.35,0
"2022-05-03 11:40:00",5,12.67,25.31,52.683,55.324,53.461,52.062,11.36,0.283,12.07,11.35,0
"2022-05-03 12:00:00",6,12.67,28.37,53.142,55.94,52.832,52.365,11.37,0.283,12.07,11.35,0
"2022-05-03 12:20:00",7,12.67,25.17,52.924,54.219,55.927,52.872,11.37,0.283,12.07,11.36,0
"2022-05-03 12:40:00",8,12.67,22.94,52.266,54.493,54.441,53.975,11.37,0.283,12.06,11.36,0
"2022-05-03 13:00:00",9,12.67,24.52,51.435,54.648,52.368,53.145,11.37,0.283,12.06,11.36,0
"2022-05-03 13:20:00",10,12.67,22.85,52.717,55.359,53.495,51.527,11.37,0.283,12.06,11.36,0
"2022-05-03 13:40:00",11,12.67,22.09,49.776,54.387,51.279,52.884,11.36,0.283,12.06,11.36,0
"2022-05-03 14:00:00",12,12.66,22.44,52.877,55.259,55.467,54.173,11.36,0.283,12.06,11.35,0
"2022-05-03 14:20:00",13,12.66,23.49,52.347,54.47,53.695,51.881,11.36,0.283,12.06,11.36,0
"2022-05-03 14:40:00",14,12.66,24.3,50.989,54.614,53.579,53.838,11.37,0.283,12.07,11.36,0
"2022-05-03 15:00:00",15,12.66,24.53,51.32,55.776,55.154,54.843,11.37,0.283,12.07,11.36,0
"2022-05-03 15:20:00",16,12.67,36.18,52.583,55.795,57.506,52.376,11.38,0.284,12.09,11.37,0
"2022-05-03 15:40:00",17,12.67,36.93,49.941,53.725,49.216,49.734,11.39,0.284,12.09,11.38,0
"2022-05-03 16:00:00",18,12.68,38.11,52.789,53.773,53.98,53.411,11.39,0.284,12.1,11.38,0
"2022-05-03 16:20:00",19,12.68,42.56,52.675,54.074,51.121,51.225,11.4,0.284,12.11,11.4,0
"2022-05-03 16:40:00",20,12.69,44.15,53.764,53.919,52.883,52.572,11.41,0.284,12.11,11.41,0
"2022-05-03 17:00:00",21,12.69,34.65,51.446,53.571,49.063,50.565,11.41,0.284,12.1,11.41,0
"2022-05-03 17:20:00",22,12.69,27.06,52.659,53.8,50.275,50.379,11.4,0.284,12.09,11.4,0
"2022-05-03 17:40:00",23,12.69,24.18,51.913,53.468,50.357,49.632,11.4,0.284,12.08,11.39,0
"2022-05-03 18:00:00",24,12.69,20.98,51.197,53.425,51.559,50.834,11.39,0.284,12.07,11.38,0
"2022-05-03 18:20:00",25,12.68,19.11,51.522,53.907,51.367,51.315,11.38,0.284,12.06,11.37,0
"2022-05-03 18:40:00",26,12.68,17.73,51.294,54.093,50.828,51.087,11.37,0.284,12.06,11.37,0
"2022-05-03 19:00:00",27,12.68,16.58,52.143,52.298,52.247,51.366,11.37,0.283,12.04,11.36,0
"2022-05-03 19:20:00",28,12.67,15.6,51.663,52.233,51.197,53.528,11.36,0.283,12.04,11.35,0
"2022-05-03 19:40:00",29,12.67,14.31,52.421,52.16,51.124,52.473,11.35,0.283,12.04,11.34,0
"2022-05-03 20:00:00",30,12.66,13.46,52.132,52.443,51.977,52.909,11.35,0.283,12.03,11.34,0
"2022-05-03 20:20:00",31,12.66,12.62,51.853,53.41,51.957,53.045,11.34,0.283,12.02,11.33,0
"2022-05-03 20:40:00",32,12.66,12.02,53.006,52.745,52.694,53.058,11.33,0.283,12.02,11.33,0
"2022-05-03 21:00:00",33,12.65,11.74,53.006,52.486,55.185,53.368,11.33,0.283,12.02,11.32,0
"2022-05-03 21:20:00",34,12.65,11.25,52.65,53.637,55.088,53.272,11.32,0.283,12.01,11.32,0
"2022-05-03 21:40:00",35,12.65,11.08,53.678,53.16,53.782,53.886,11.32,0.282,12,11.31,0
"2022-05-03 22:00:00",36,12.65,11.37,53.731,52.797,54.51,55.598,11.32,0.282,12.01,11.31,0
"2022-05-03 22:20:00",37,12.64,11.31,53.525,53.16,54.198,55.132,11.31,0.282,12.01,11.31,0
"2022-05-03 22:40:00",38,12.64,11.4,53.005,52.901,55.184,55.288,11.31,0.282,12,11.3,0
"2022-05-03 23:00:00",39,12.64,11.32,53.431,52.913,54.21,55.142,11.31,0.282,12,11.3,0
"2022-05-03 23:20:00",40,12.64,11.15,54.154,54.31,54.517,53.533,11.31,0.282,12,11.3,0
"2022-05-03 23:40:00",41,12.64,10.7,54.884,53.379,54.573,54.935,11.3,0.282,12,11.3,0
"2022-05-04 00:00:00",42,12.64,10.07,53.322,52.128,52.752,53.943,11.3,0.282,11.99,11.29,0
"2022-05-04 00:20:00",43,12.64,9.46,53.28,53.85,54.213,53.746,11.29,0.282,11.98,11.29,0
"2022-05-04 00:40:00",44,12.64,9.5,53.897,52.548,55.505,54.104,11.29,0.282,11.99,11.29,0
"2022-05-04 01:00:00",45,12.63,9.45,53.747,53.902,53.695,53.954,11.29,0.281,11.99,11.28,0
"2022-05-04 01:20:00",46,12.63,9.75,53.225,53.952,54.16,54.678,11.29,0.281,11.99,11.28,0
"2022-05-04 01:40:00",47,12.63,9.98,53.492,53.805,55.103,55.362,11.29,0.281,11.99,11.28,0
"2022-05-04 02:00:00",48,12.63,10.09,53.445,53.184,54.638,54.066,11.29,0.281,11.99,11.28,0
"2022-05-04 02:20:00",49,12.63,10.12,54.019,53.085,54.954,52.981,11.29,0.281,11.99,11.28,0
"2022-05-04 02:40:00",50,12.63,10.2,53.642,52.293,56.238,56.186,11.29,0.281,11.99,11.28,0
"2022-05-04 03:00:00",51,12.63,10.4,53.443,53.079,57.439,57.128,11.29,0.281,11.98,11.28,0
"2022-05-04 03:20:00",52,12.63,10.47,54.741,54.637,55.676,56.039,11.29,0.281,11.99,11.28,0
"2022-05-04 03:40:00",53,12.63,10.42,55.313,54.38,56.403,54.432,11.29,0.281,11.99,11.28,0
"2022-05-04 04:00:00",54,12.63,10.58,53.607,53.504,51.219,51.064,11.29,0.281,11.99,11.28,0
"2022-05-04 04:20:00",55,12.63,10.59,54.482,53.131,55.001,56.194,11.29,0.281,11.99,11.28,0
"2022-05-04 04:40:00",56,12.63,10.63,52.148,54.691,54.484,54.017,11.29,0.281,11.99,11.28,0
"2022-05-04 05:00:00",57,12.63,10.54,55.27,53.662,53.869,54.804,11.29,0.281,11.99,11.28,0
"2022-05-04 05:20:00",58,12.63,10.49,55.534,54.601,54.133,54.653,11.29,0.281,11.99,11.28,0
"2022-05-04 05:40:00",59,12.63,10.4,52.93,53.657,55.11,54.954,11.28,0.281,11.99,11.27,0
"2022-05-04 06:00:00",60,12.63,10.57,53.589,54.317,55.094,55.198,11.29,0.281,11.99,11.28,0
"2022-05-04 06:20:00",61,12.63,10.82,55.928,53.903,56.602,54.889,11.29,0.281,11.99,11.28,0
"2022-05-04 06:40:00",62,12.63,11.61,56.603,56.24,62.518,57.641,11.29,0.281,11.99,11.28,0
"2022-05-04 07:00:00",63,12.63,12.33,59.132,56.383,62.141,57.525,11.29,0.281,11.99,11.28,0
"2022-05-04 07:20:00",64,12.63,13.36,56.497,57.795,63.816,57.692,11.3,0.282,12,11.29,0
"2022-05-04 07:40:00",65,12.63,14.61,52.399,55.201,53.489,53.435,11.3,0.282,12,11.29,0
"2022-05-04 08:00:00",66,12.64,16.19,51.622,55.668,49.65,52.659,11.31,0.282,12.01,11.3,0
"2022-05-04 08:20:00",67,12.64,19.24,52.139,54.941,58.885,53.02,11.31,0.282,12.02,11.3,0
"2022-05-04 08:40:00",68,12.64,20.14,55.454,57.27,52.497,51.927,11.32,0.282,12.02,11.31,0
"2022-05-04 09:00:00",69,12.64,17.86,54.242,56.058,50.611,50.559,11.32,0.282,12.02,11.31,0
"2022-05-04 09:20:00",70,12.64,17.05,53.668,55.794,54.6,54.289,11.32,0.282,12.02,11.31,0
"2022-05-04 09:40:00",71,12.64,17.68,55.795,56.676,55.223,54.912,11.32,0.282,12.02,11.31,0
"2022-05-04 10:00:00",72,12.64,17.48,52.468,54.855,53.817,53.921,11.33,0.283,12.02,11.32,0
"2022-05-04 10:20:00",73,12.65,17.56,53.868,56.098,53.557,50.186,11.33,0.283,12.02,11.32,0
"2022-05-04 10:40:00",74,12.65,18.22,55.057,55.783,55.99,49.881,11.32,0.282,12.01,11.31,0
"2022-05-04 11:00:00",75,13.06,19.83,51.355,55.134,55.186,51.717,11.73,0.292,12.45,11.72,0
"2022-05-04 11:20:00",76,13.27,20.92,51.475,55.101,52.978,53.341,11.89,0.296,12.63,11.88,0
"2022-05-04 11:40:00",77,13.15,21.89,50.561,54.032,53.151,52.685,11.81,0.294,12.53,11.8,0
"2022-05-04 12:00:00",78,13.17,26.09,51.952,53.351,51.485,52.988,11.83,0.295,12.56,11.82,0
"2022-05-04 12:20:00",79,13.18,24.01,50.307,54.349,52.639,52.587,11.85,0.295,12.58,11.84,0
"2022-05-04 12:40:00",80,13.28,21.66,51.037,54.096,51.141,49.845,11.92,0.297,12.65,11.91,0
"2022-05-04 13:00:00",81,13.35,23.07,51.016,54.228,52.104,51.794,11.99,0.299,12.75,11.98,0
"2022-05-04 13:20:00",82,13.2,21.91,50.757,54.383,52.675,50.55,11.87,0.296,12.59,11.86,0
"2022-05-04 13:40:00",83,13.3,20.86,50.979,54.607,51.912,51.342,11.94,0.298,12.69,11.93,0
"2022-05-04 14:00:00",84,13.88,21.1,49.272,53.729,51.293,50.723,12.25,0.305,13.26,12.2,0
"2022-05-04 14:20:00",85,14.31,22.16,50.136,54.746,53.141,52.415,11.84,0.295,12.56,11.83,0
"2022-05-04 14:40:00",86,13.15,24.14,50.386,54.684,53.235,51.835,11.82,0.295,12.53,11.81,0
"2022-05-04 15:00:00",87,13.15,25.29,52.731,54.958,51.85,51.539,11.83,0.295,12.54,11.82,0
"2022-05-04 15:20:00",88,13.93,37.38,50.915,55.628,54.594,52.624,12.35,0.308,13.31,12.31,0
"2022-05-04 15:40:00",89,13.7,42.05,49.299,53.494,51.474,52.146,12.29,0.306,13.12,12.28,0
"2022-05-04 16:00:00",90,13.57,47.68,51.587,54.956,52.106,50.551,12.23,0.305,13,12.23,0
"2022-05-04 16:20:00",91,13.54,47.71,50.073,54.527,52.663,53.337,12.21,0.305,12.97,12.2,0
"2022-05-04 16:40:00",92,13.31,46.75,51.616,54.57,56.278,54.311,12.02,0.3,12.75,12.01,0
"2022-05-04 17:00:00",93,13.18,42.88,51.05,54.262,51.568,51.827,11.9,0.297,12.61,11.89,0
"2022-05-04 17:20:00",94,13.15,32.12,51.706,54.245,50.306,50.824,11.86,0.295,12.56,11.86,0
"2022-05-04 17:40:00",95,13.15,27.9,51.821,53.946,51.924,50.109,11.85,0.295,12.55,11.85,0
"2022-05-04 18:00:00",96,13.11,25.11,51.451,50.674,51.555,51.659,11.81,0.294,12.5,11.8,0
"2022-05-04 18:20:00",97,13.09,22.56,51.192,53.834,50.466,51.814,11.79,0.294,12.48,11.79,0
"2022-05-04 18:40:00",98,13.07,20.52,49.904,53.377,50.266,51.355,11.77,0.294,12.46,11.77,0
"2022-05-04 19:00:00",99,13.06,18.72,49.597,52.396,51.93,51.619,11.76,0.293,12.44,11.75,0
"2022-05-04 19:20:00",100,13.04,16.96,52.296,53.436,50.896,51.673,11.74,0.293,12.41,11.73,0
"2022-05-04 19:40:00",101,13.04,15.39,50.959,52.358,52.151,51.995,11.73,0.292,12.4,11.72,0
"2022-05-04 20:00:00",102,13.03,14.35,51.485,51.226,52.418,52.107,11.72,0.292,12.39,11.72,0
"2022-05-04 20:20:00",103,13.02,13.52,52.009,52.32,52.372,52.892,11.71,0.292,12.38,11.71,0
"2022-05-04 20:40:00",104,13.02,12.72,52.08,51.821,54.675,52.702,11.7,0.292,12.37,11.7,0
"2022-05-04 21:00:00",105,13.01,12.26,51.777,52.349,54.216,53.232,11.7,0.292,12.37,11.69,0
"2022-05-04 21:20:00",106,13.01,11.91,52.955,52.694,52.228,53.421,11.69,0.292,12.36,11.68,0
"2022-05-04 21:40:00",107,13,11.53,52.378,53.104,52.482,53,11.68,0.291,12.35,11.68,0
"2022-05-04 22:00:00",108,13,11.07,54.204,53.269,53.062,53.011,11.68,0.291,12.35,11.67,0
"2022-05-04 22:20:00",109,12.99,10.83,52.123,53.525,52.902,52.746,11.67,0.291,12.35,11.67,0
"2022-05-04 22:40:00",110,12.99,10.41,52.729,53.198,53.664,52.678,11.67,0.291,12.34,11.66,0
"2022-05-04 23:00:00",111,12.99,10.04,52.545,52.286,54.568,53.428,11.66,0.291,12.34,11.66,0
"2022-05-04 23:20:00",112,12.98,9.8,52.915,51.981,54.679,53.954,11.66,0.291,12.33,11.65,0
"2022-05-04 23:40:00",113,12.98,9.56,52.914,51.979,54.263,53.535,11.66,0.291,12.33,11.65,0
"2022-05-05 00:00:00",114,12.98,9.34,53.581,52.387,53.84,53.372,11.65,0.291,12.33,11.65,0
"2022-05-05 00:20:00",115,12.97,9.29,53.244,51.739,56.098,54.127,11.65,0.291,12.32,11.64,0
"2022-05-05 00:40:00",116,12.97,9.43,55.772,53.593,55.461,55.565,11.65,0.291,12.32,11.64,0
"2022-05-05 01:00:00",117,12.97,9.51,54.489,53.554,56.408,54.435,11.65,0.291,12.32,11.64,0
"2022-05-05 01:20:00",118,12.97,9.38,52.937,53.663,54.857,55.221,11.64,0.291,12.32,11.64,0
"2022-05-05 01:40:00",119,12.97,9.34,54.69,52.25,56.039,55.467,11.64,0.291,12.32,11.63,0
"2022-05-05 02:00:00",120,12.97,9.35,53.612,53.092,55.531,56.052,11.64,0.291,12.31,11.63,0
"2022-05-05 02:20:00",121,12.96,9.26,53.754,53.65,56.193,54.377,11.64,0.291,12.31,11.63,0
"2022-05-05 02:40:00",122,12.96,9.23,53.549,53.445,56.559,55.677,11.64,0.29,12.31,11.63,0
"2022-05-05 03:00:00",123,12.96,9.22,53.502,52.982,55.421,56.199,11.63,0.29,12.31,11.63,0
"2022-05-05 03:20:00",124,12.96,9.07,53.231,52.711,54.58,54.008,11.63,0.29,12.31,11.62,0
"2022-05-05 03:40:00",125,12.96,9.01,53.024,52.661,56.034,56.139,11.63,0.29,12.31,11.62,0
"2022-05-05 04:00:00",126,12.96,8.89,54.121,54.691,55.886,55.004,11.63,0.29,12.31,11.62,0
"2022-05-05 04:20:00",127,12.95,8.87,52.934,53.4,55.684,55.788,11.63,0.29,12.31,11.62,0
"2022-05-05 04:40:00",128,12.95,8.74,53.245,53.556,54.438,54.697,11.63,0.29,12.3,11.61,0
"2022-05-05 05:00:00",129,12.95,8.75,54.175,52.669,56.614,53.966,11.62,0.29,12.3,11.62,0
"2022-05-05 05:20:00",130,12.95,8.76,53.759,53.498,55.938,56.302,11.62,0.29,12.3,11.62,0
"2022-05-05 05:40:00",131,12.95,8.8,53.401,53.142,55.167,56.776,11.62,0.29,12.3,11.61,0
"2022-05-05 06:00:00",132,12.95,8.56,55.061,52.466,55.009,54.024,11.62,0.29,12.3,11.61,0
"2022-05-05 06:20:00",133,12.98,8.95,55.301,51.877,57.635,55.249,11.65,0.291,12.32,11.64,0
"2022-05-05 06:40:00",134,13.05,9.9,59.92,56.496,61.27,58.052,11.71,0.292,12.4,11.7,0
"2022-05-05 07:00:00",135,13.23,11.4,61.66,58.393,-99,60.623,11.88,0.296,12.6,11.87,0
"2022-05-05 07:20:00",136,13.39,13.25,59.098,58.58,-99,60.963,12.02,0.3,12.76,11.99,0
"2022-05-05 07:40:00",137,13.52,15.23,54.323,57.537,58.833,55.204,12.11,0.302,12.9,12.09,0
"2022-05-05 08:00:00",138,13.61,17.45,52.186,56.644,56.022,57.11,12.17,0.303,13.02,12.14,0
"2022-05-05 08:20:00",139,13.29,21.32,51.93,56.803,54.782,53.642,11.95,0.298,12.68,11.94,0
"2022-05-05 08:40:00",140,13.13,22.13,52.224,56.422,56.63,53.832,11.81,0.294,12.52,11.81,0
"2022-05-05 09:00:00",141,13.14,20.24,49.481,56.427,55.546,54.406,11.82,0.295,12.53,11.81,0
"2022-05-05 09:20:00",142,13.12,19.55,50.981,55.025,53.004,53.522,11.8,0.294,12.5,11.79,0
"2022-05-05 09:40:00",143,13.12,20.37,49.677,53.876,55.325,52.113,11.8,0.294,12.5,11.79,0
"2022-05-05 10:00:00",144,13.16,20.45,50.051,54.924,54.561,51.761,11.84,0.295,12.55,11.83,0
"2022-05-05 10:20:00",145,13.74,20.83,48.377,53.662,53.61,51.487,12.11,0.302,13.04,12.08,0
"2022-05-05 10:40:00",146,13.35,21.82,49.17,54.871,51.76,50.464,12,0.299,12.76,11.98,0
"2022-05-05 11:00:00",147,13.63,23.21,48.503,54.463,51.924,50.628,12.22,0.305,13.02,12.19,0
"2022-05-05 11:20:00",148,13.17,23.35,49.308,54.179,52.055,49.1,11.86,0.296,12.57,11.86,0
"2022-05-05 11:40:00",149,13.35,24.52,49.521,53.406,52.11,49.987,12.01,0.299,12.75,11.99,0
"2022-05-05 12:00:00",150,13.42,29.91,48.689,54.129,51.435,51.124,12.08,0.301,12.83,12.07,0
"2022-05-05 12:20:00",151,13.44,27.38,47.237,52.937,50.813,50.346,12.1,0.302,12.85,12.09,0
"2022-05-05 12:40:00",152,13.56,25.53,48.471,53.756,50.233,50.335,12.19,0.304,12.95,12.18,0
"2022-05-05 13:00:00",153,13.82,26.24,48.276,53.406,50.71,49.727,12.36,0.308,13.2,12.33,0
"2022-05-05 13:20:00",154,13.44,24.79,48.799,54.086,52.636,48.177,12.11,0.302,12.85,12.1,0
"2022-05-05 13:40:00",155,13.59,23.93,48.946,54.232,53.195,49.309,12.22,0.305,12.99,12.2,0
"2022-05-05 14:00:00",156,13.25,24.48,48.528,53.658,52.621,50.653,11.94,0.298,12.65,11.93,0
"2022-05-05 14:20:00",157,13.16,25.18,46.96,52.243,50.119,50.482,11.87,0.296,12.56,11.86,0
"2022-05-05 14:40:00",158,13.13,26.02,48.16,53.701,51.578,51.267,11.84,0.295,12.54,11.83,0
"2022-05-05 15:00:00",159,13.12,27.07,47.513,53.052,50.101,50.205,11.83,0.295,12.52,11.82,0
"2022-05-05 15:20:00",160,13.11,38.86,50.118,54.002,51.308,51.153,11.82,0.295,12.53,11.82,0
"2022-05-05 15:40:00",161,13.1,47.09,47.725,53.42,48.5,50.831,11.83,0.295,12.53,11.82,0
"2022-05-05 16:00:00",162,13.11,48.52,50.263,53.473,50.781,49.228,11.83,0.295,12.54,11.82,0
