"TOA5","31407","CR1000X","31407","CR1000X.Std.05.01","CPU:sap_flow.CR1X","24332","Sap_Flow_Data"
"TIMESTAMP","RECORD","SapFlowTotal","SFD_Outer","SFD_Inner","Alpha_Outer","Alpha_Inner","Beta_Outer","Beta_Inner","Tmax_Outer","Tmax_Inner"
"TS","RN","L/hr","cm3//cm2hr","cm3/cm2/hr","","","","","secs","secs"
"","","Smp","Smp","Smp","Smp","Smp","Smp","Smp","Smp","Smp"
"2022-05-03 10:00:00",0,0.549,12.01,13.1,0.6379,0.69581,0.66268,0.69315,53.337,55.976
"2022-05-03 10:20:00",1,0.627,14.2,14.35,0.75438,0.76173,0.76651,0.75407,52.179,55.804
"2022-05-03 10:40:00",2,0.651,14.8,14.83,0.78599,0.78737,0.79929,0.78127,51.213,54.838
"2022-05-03 11:00:00",3,0.68,15.38,15.58,0.81701,0.82777,0.84047,0.81217,50.232,55.93
"2022-05-03 11:20:00",4,0.633,14.55,14.16,0.77275,0.75203,0.77195,0.73901,53.031,54.741
"2022-05-03 11:40:00",5,0.659,14.98,15.01,0.79577,0.79702,0.79877,0.78484,52.683,55.324
"2022-05-03 12:00:00",6,0.641,14.56,14.6,0.77399,0.77497,0.78037,0.76366,53.142,55.94
"2022-05-03 12:20:00",7,0.612,13.43,14.56,0.71314,0.77361,0.73647,0.76799,52.924,54.219
"2022-05-03 12:40:00",8,0.634,14.11,14.8,0.74941,0.78629,0.76175,0.77707,52.266,54.493
"2022-05-03 13:00:00",9,0.679,15.26,15.66,0.81091,0.83238,0.82799,0.81795,51.435,54.648
"2022-05-03 13:20:00",10,0.673,15.11,15.55,0.80307,0.82553,0.81324,0.80647,52.717,55.359
"2022-05-03 13:40:00",11,0.684,15.53,15.56,0.82521,0.82706,0.83773,0.82121,49.776,54.387
"2022-05-03 14:00:00",12,0.635,13.98,15.03,0.74237,0.79847,0.75981,0.78946,52.877,55.259
"2022-05-03 14:20:00",13,0.669,15.26,15.15,0.8103,0.80483,0.81033,0.78897,52.347,54.47
"2022-05-03 14:40:00",14,0.638,13.91,15.31,0.73871,0.81357,0.77079,0.80078,50.989,54.614
"2022-05-03 15:00:00",15,0.607,13.38,14.35,0.71085,0.76173,0.73668,0.75957,51.32,55.776
"2022-05-03 15:20:00",16,0.606,13.28,14.43,0.70561,0.7664,0.72687,0.7554,52.583,55.795
"2022-05-03 15:40:00",17,0.68,15.48,15.45,0.82195,0.82069,0.81979,0.79702,49.941,53.725
"2022-05-03 16:00:00",18,0.536,11.75,12.78,0.62414,0.67848,0.6273,0.66513,52.789,53.773
"2022-05-03 16:20:00",19,0.602,13.81,13.5,0.73398,0.71653,0.72659,0.69872,52.675,54.074
"2022-05-03 16:40:00",20,0.585,13.33,13.26,0.70839,0.70471,0.70053,0.69315,53.764,53.919
"2022-05-03 17:00:00",21,0.633,14.78,13.9,0.78517,0.73841,0.76545,0.71019,51.446,53.571
"2022-05-03 17:20:00",22,0.592,13.46,13.45,0.71547,0.71463,0.69841,0.68448,52.659,53.8
"2022-05-03 17:40:00",23,0.591,13.36,13.51,0.70976,0.71754,0.69577,0.69315,51.913,53.468
"2022-05-03 18:00:00",24,0.549,12.36,12.65,0.65679,0.67194,0.64828,0.65298,51.197,53.425
"2022-05-03 18:20:00",25,0.51,11.35,11.91,0.60268,0.63248,0.60288,0.61561,51.522,53.907
"2022-05-03 18:40:00",26,0.515,11.6,11.85,0.61576,0.6294,0.60934,0.61262,51.294,54.093
"2022-05-03 19:00:00",27,0.466,10.35,10.91,0.54986,0.57934,0.54186,0.56816,52.143,52.298
"2022-05-03 19:20:00",28,0.416,9.11,9.93,0.48392,0.52762,0.48254,0.51934,51.663,52.233
"2022-05-03 19:40:00",29,0.396,8.61,9.53,0.45793,0.50626,0.45196,0.49898,52.421,52.16
"2022-05-03 20:00:00",30,0.37,7.91,9.08,0.42014,0.48248,0.4209,0.47324,52.132,52.443
"2022-05-03 20:20:00",31,0.364,7.95,8.71,0.4218,0.463,0.41479,0.45482,51.853,53.41
"2022-05-03 20:40:00",32,0.345,7.45,8.35,0.39578,0.443,0.39166,0.44106,53.006,52.745
"2022-05-03 21:00:00",33,0.326,6.88,8.13,0.3659,0.43186,0.36904,0.4323,53.006,52.486
"2022-05-03 21:20:00",34,0.32,6.78,7.93,0.3604,0.42132,0.36702,0.42565,52.65,53.637
"2022-05-03 21:40:00",35,0.321,6.78,8,0.35986,0.42486,0.36016,0.42898,53.678,53.16
"2022-05-03 22:00:00",36,0.328,7.02,8.06,0.37296,0.4281,0.37412,0.42544,53.731,52.797
"2022-05-03 22:20:00",37,0.312,6.5,7.86,0.3456,0.41756,0.34958,0.4204,53.525,53.16
"2022-05-03 22:40:00",38,0.299,6.07,7.76,0.32258,0.41244,0.32761,0.41881,53.005,52.901
"2022-05-03 23:00:00",39,0.308,6.58,7.56,0.34934,0.40197,0.35139,0.40876,53.431,52.913
"2022-05-03 23:20:00",40,0.308,6.5,7.7,0.3456,0.40894,0.3509,0.4121,54.154,54.31
"2022-05-03 23:40:00",41,0.313,6.7,7.7,0.35572,0.40894,0.35622,0.40876,54.884,53.379
"2022-05-04 00:00:00",42,0.296,6.22,7.4,0.33051,0.39313,0.33395,0.3954,53.322,52.128
"2022-05-04 00:20:00",43,0.295,6.2,7.37,0.3292,0.3913,0.32954,0.39871,53.28,53.85
"2022-05-04 00:40:00",44,0.301,6.07,7.86,0.32214,0.41756,0.33146,0.4204,53.897,52.548
"2022-05-04 01:00:00",45,0.308,6.57,7.56,0.34882,0.40197,0.35271,0.40876,53.747,53.902
"2022-05-04 01:20:00",46,0.301,6.3,7.56,0.33448,0.40197,0.34332,0.40708,53.225,53.952
"2022-05-04 01:40:00",47,0.301,6.32,7.56,0.33514,0.40203,0.33953,0.40544,53.492,53.805
"2022-05-04 02:00:00",48,0.304,6.3,7.73,0.33452,0.41062,0.33402,0.40544,53.445,53.184
"2022-05-04 02:20:00",49,0.295,6.18,7.43,0.32866,0.3951,0.33458,0.40212,54.019,53.085
"2022-05-04 02:40:00",50,0.315,6.72,7.76,0.35665,0.41228,0.36268,0.412,53.642,52.293
"2022-05-04 03:00:00",51,0.297,6.13,7.56,0.32612,0.402,0.33953,0.40544,53.443,53.079
"2022-05-04 03:20:00",52,0.329,6.95,8.16,0.36872,0.43408,0.37006,0.42978,54.741,54.637
"2022-05-04 03:40:00",53,0.325,7,7.9,0.37184,0.4191,0.36702,0.4218,55.313,54.38
"2022-05-04 04:00:00",54,0.315,6.58,7.95,0.34934,0.42248,0.3606,0.4218,53.607,53.504
"2022-05-04 04:20:00",55,0.332,7.08,8.18,0.37636,0.43441,0.38178,0.43326,54.482,53.131
"2022-05-04 04:40:00",56,0.331,7.05,8.18,0.3747,0.43441,0.38617,0.43648,52.148,54.691
"2022-05-04 05:00:00",57,0.318,6.77,7.83,0.35893,0.4157,0.35139,0.42024,55.27,53.662
"2022-05-04 05:20:00",58,0.339,7.38,8.15,0.39166,0.43259,0.38918,0.43148,55.534,54.601
"2022-05-04 05:40:00",59,0.318,6.67,7.96,0.3539,0.42266,0.35886,0.42024,52.93,53.657
"2022-05-04 06:00:00",60,0.33,7.07,8.08,0.37495,0.42922,0.38036,0.42831,53.589,54.317
"2022-05-04 06:20:00",61,0.323,6.97,7.85,0.36973,0.41722,0.37361,0.41353,55.928,53.903
"2022-05-04 06:40:00",62,0.318,6.45,8.28,0.34295,0.43964,0.3497,0.43874,56.603,56.24
"2022-05-04 07:00:00",63,0.364,7.66,9.1,0.40676,0.48324,0.4121,0.48775,59.132,56.383
"2022-05-04 07:20:00",64,0.414,9,9.96,0.47838,0.52921,0.49316,0.53259,56.497,57.795
"2022-05-04 07:40:00",65,0.465,10.51,10.63,0.55824,0.56478,0.56826,0.56032,52.399,55.201
"2022-05-04 08:00:00",66,0.465,10.31,10.91,0.54759,0.57966,0.55899,0.56968,51.622,55.668
"2022-05-04 08:20:00",67,0.471,10.23,11.35,0.54344,0.60268,0.56439,0.60047,52.139,54.941
"2022-05-04 08:40:00",68,0.503,11.01,12,0.58466,0.63759,0.59491,0.62062,55.454,57.27
"2022-05-04 09:00:00",69,0.567,13.15,12.56,0.69833,0.66753,0.69315,0.65481,54.242,56.058
"2022-05-04 09:20:00",70,0.576,12.76,13.53,0.67778,0.71868,0.70053,0.70681,53.668,55.794
"2022-05-04 09:40:00",71,0.596,13.43,13.73,0.71331,0.72941,0.71505,0.70933,55.795,56.676
"2022-05-04 10:00:00",72,0.623,14.36,13.9,0.76284,0.73859,0.76521,0.72591,52.468,54.855
"2022-05-04 10:20:00",73,0.613,13.66,14.31,0.72577,0.76057,0.74403,0.74719,53.868,56.098
"2022-05-04 10:40:00",74,0.62,13.88,14.38,0.73758,0.76367,0.74823,0.74749,55.057,55.783
"2022-05-04 11:00:00",75,0.655,14.86,14.95,0.78938,0.79401,0.80603,0.78455,51.355,55.134
"2022-05-04 11:20:00",76,0.648,14.56,14.95,0.77317,0.79383,0.78071,0.77473,51.475,55.101
"2022-05-04 11:40:00",77,0.646,14.25,15.28,0.75671,0.81153,0.78356,0.80139,50.561,54.032
"2022-05-04 12:00:00",78,0.684,15.65,15.43,0.83085,0.81965,0.83806,0.80617,51.952,53.351
"2022-05-04 12:20:00",79,0.693,15.68,15.88,0.83287,0.84325,0.85299,0.82867,50.307,54.349
"2022-05-04 12:40:00",80,0.71,16.23,16.01,0.86219,0.85054,0.86708,0.83033,51.037,54.096
"2022-05-04 13:00:00",81,0.712,16,16.46,0.84941,0.87405,0.85743,0.85105,51.016,54.228
"2022-05-04 13:20:00",82,0.706,15.81,16.4,0.83997,0.87069,0.85285,0.85499,50.757,54.383
"2022-05-04 13:40:00",83,0.738,16.41,17.28,0.87165,0.91745,0.89849,0.89653,50.979,54.607
"2022-05-04 14:00:00",84,0.718,15.93,16.83,0.84591,0.89429,0.87427,0.87762,49.272,53.729
"2022-05-04 14:20:00",85,0.698,15.51,16.33,0.82381,0.86739,0.84869,0.84959,50.136,54.746
"2022-05-04 14:40:00",86,0.721,16.08,16.81,0.85453,0.89277,0.88121,0.88139,50.386,54.684
"2022-05-04 15:00:00",87,0.702,16.01,15.9,0.85019,0.84409,0.85077,0.815,52.731,54.958
"2022-05-04 15:20:00",88,0.698,15.75,16.01,0.83683,0.85097,0.85545,0.83033,50.915,55.628
"2022-05-04 15:40:00",89,0.687,15.56,15.68,0.82635,0.83245,0.85125,0.82668,49.299,53.494
"2022-05-04 16:00:00",90,0.688,15.61,15.66,0.82974,0.83173,0.82725,0.80811,51.587,54.956
"2022-05-04 16:20:00",91,0.652,14.51,15.21,0.77131,0.80801,0.79758,0.79606,50.073,54.527
"2022-05-04 16:40:00",92,0.619,13.8,14.45,0.73287,0.76762,0.74855,0.76243,51.616,54.57
"2022-05-04 17:00:00",93,0.638,14.51,14.51,0.77075,0.77062,0.76599,0.74389,51.05,54.262
"2022-05-04 17:20:00",94,0.641,14.56,14.56,0.77317,0.77361,0.76811,0.74805,51.706,54.245
"2022-05-04 17:40:00",95,0.618,14.06,14.05,0.74719,0.74597,0.74145,0.71938,51.821,53.946
"2022-05-04 18:00:00",96,0.56,12.51,13.05,0.66468,0.69315,0.66635,0.67452,51.451,50.674
"2022-05-04 18:20:00",97,0.54,12.3,12.25,0.65328,0.65058,0.64338,0.63414,51.192,53.834
"2022-05-04 18:40:00",98,0.511,11.68,11.53,0.62062,0.61218,0.60526,0.60047,49.904,53.377
"2022-05-04 19:00:00",99,0.423,9.2,10.16,0.48888,0.53946,0.48938,0.53182,49.597,52.396
"2022-05-04 19:20:00",100,0.398,8.9,9.26,0.47246,0.49248,0.46942,0.48859,52.296,53.436
"2022-05-04 19:40:00",101,0.351,7.58,8.5,0.40238,0.45104,0.39823,0.44838,50.959,52.358
"2022-05-04 20:00:00",102,0.327,6.97,8.05,0.37014,0.4274,0.37198,0.42302,51.485,51.226
"2022-05-04 20:20:00",103,0.318,6.75,7.85,0.35842,0.41722,0.35794,0.41818,52.009,52.32
"2022-05-04 20:40:00",104,0.306,6.43,7.66,0.34204,0.40714,0.3436,0.40544,52.08,51.821
"2022-05-04 21:00:00",105,0.297,6.2,7.48,0.32902,0.39712,0.33115,0.39596,51.777,52.349
"2022-05-04 21:20:00",106,0.301,6.33,7.53,0.33644,0.40044,0.33942,0.39914,52.955,52.694
"2022-05-04 21:40:00",107,0.299,6.28,7.48,0.33395,0.39704,0.33586,0.39587,52.378,53.104
"2022-05-04 22:00:00",108,0.31,6.57,7.7,0.34831,0.40881,0.34657,0.40706,54.204,53.269
"2022-05-04 22:20:00",109,0.331,7.12,8.05,0.37781,0.4274,0.37334,0.4247,52.123,53.525
"2022-05-04 22:40:00",110,0.3,6.35,7.45,0.33704,0.39549,0.34295,0.39596,52.729,53.198
"2022-05-04 23:00:00",111,0.289,6.03,7.32,0.31996,0.3888,0.32363,0.39432,52.545,52.286
"2022-05-04 23:20:00",112,0.284,5.83,7.28,0.30958,0.3872,0.31364,0.39281,52.915,51.981
"2022-05-04 23:40:00",113,0.282,5.82,7.2,0.309,0.38204,0.31207,0.3864,52.914,51.979
"2022-05-05 00:00:00",114,0.26,5.32,6.68,0.28246,0.35472,0.28766,0.36171,53.581,52.387
"2022-05-05 00:20:00",115,0.266,5.43,6.88,0.28871,0.36514,0.29552,0.3698,53.244,51.739
"2022-05-05 00:40:00",116,0.275,5.65,7.07,0.29981,0.37496,0.3033,0.37781,55.772,53.593
"2022-05-05 01:00:00",117,0.262,5.42,6.7,0.28766,0.3557,0.29064,0.36386,54.489,53.554
"2022-05-05 01:20:00",118,0.253,5.12,6.6,0.27212,0.35052,0.27868,0.35893,52.937,53.663
"2022-05-05 01:40:00",119,0.263,5.43,6.7,0.28871,0.3557,0.29552,0.36386,54.69,52.25
"2022-05-05 02:00:00",120,0.262,5.42,6.7,0.28766,0.3557,0.29064,0.36074,53.612,53.092
"2022-05-05 02:20:00",121,0.262,5.4,6.68,0.28667,0.3552,0.29266,0.36667,53.754,53.65
"2022-05-05 02:40:00",122,0.262,5.33,6.78,0.28356,0.3604,0.29064,0.36527,53.549,53.445
"2022-05-05 03:00:00",123,0.264,5.45,6.75,0.28973,0.35856,0.29266,0.36667,53.502,52.982
"2022-05-05 03:20:00",124,0.271,5.62,6.88,0.29798,0.36514,0.29756,0.3698,53.231,52.711
"2022-05-05 03:40:00",125,0.264,5.45,6.72,0.28973,0.35712,0.29564,0.36527,53.024,52.661
"2022-05-05 04:00:00",126,0.272,5.65,6.9,0.30008,0.36663,0.3026,0.36667,54.121,54.691
"2022-05-05 04:20:00",127,0.265,5.43,6.82,0.28871,0.36187,0.29564,0.36667,52.934,53.4
"2022-05-05 04:40:00",128,0.263,5.4,6.75,0.28667,0.35856,0.29364,0.36348,53.245,53.556
"2022-05-05 05:00:00",129,0.266,5.5,6.78,0.29182,0.3604,0.2986,0.3698,54.175,52.669
"2022-05-05 05:20:00",130,0.258,5.25,6.67,0.27838,0.35382,0.28571,0.36667,53.759,53.498
"2022-05-05 05:40:00",131,0.266,5.52,6.78,0.29287,0.3604,0.29564,0.3698,53.401,53.142
"2022-05-05 06:00:00",132,0.252,5.08,6.6,0.27016,0.35052,0.2817,0.35572,55.061,52.466
"2022-05-05 06:20:00",133,0.242,4.85,6.4,0.2573,0.33968,0.2638,0.354,55.301,51.877
"2022-05-05 06:40:00",134,0.24,4.7,6.47,0.24972,0.34321,0.25828,0.35496,59.92,56.496
"2022-05-05 07:00:00",135,0.276,5.5,7.33,0.29165,0.38947,-99,0.39099,61.66,58.393
"2022-05-05 07:20:00",136,0.388,8.35,9.45,0.44333,0.50176,-99,0.5043,59.098,58.58
"2022-05-05 07:40:00",137,0.474,10.75,10.83,0.57104,0.5751,0.5825,0.57538,54.323,57.537
"2022-05-05 08:00:00",138,0.532,11.9,12.38,0.6322,0.65794,0.65536,0.6566,52.186,56.644
"2022-05-05 08:20:00",139,0.611,13.96,13.8,0.74145,0.73256,0.76154,0.72887,51.93,56.803
"2022-05-05 08:40:00",140,0.634,14.46,14.36,0.76809,0.76311,0.78973,0.75608,52.224,56.422
"2022-05-05 09:00:00",141,0.654,14.91,14.81,0.79187,0.78702,0.81653,0.77933,49.481,56.427
"2022-05-05 09:20:00",142,0.697,15.96,15.7,0.84799,0.83335,0.86979,0.82862,50.981,55.025
"2022-05-05 09:40:00",143,0.711,15.81,16.61,0.84017,0.88275,0.88787,0.88072,49.677,53.876
"2022-05-05 10:00:00",144,0.716,16.28,16.28,0.86499,0.86499,0.89474,0.86139,50.051,54.924
"2022-05-05 10:20:00",145,0.767,17.25,17.71,0.91627,0.94043,0.95995,0.92676,48.377,53.662
"2022-05-05 10:40:00",146,0.777,17.55,17.83,0.9319,0.9467,0.96818,0.93025,49.17,54.871
"2022-05-05 11:00:00",147,0.772,17.4,17.75,0.92441,0.94259,0.95925,0.93297,48.503,54.463
"2022-05-05 11:20:00",148,0.776,17.51,17.83,0.93037,0.94677,0.95593,0.92628,49.308,54.179
"2022-05-05 11:40:00",149,0.793,17.7,18.48,0.94009,0.98157,0.98145,0.96401,49.521,53.406
"2022-05-05 12:00:00",150,0.805,18.36,18.21,0.97537,0.96758,0.99797,0.94749,48.689,54.129
"2022-05-05 12:20:00",151,1.091,29.19,18.95,0.96407,1.00625,1.01203,0.99181,47.237,52.937
"2022-05-05 12:40:00",152,0.805,18.2,18.46,0.96679,0.98081,0.99509,0.9625,48.471,53.756
"2022-05-05 13:00:00",153,1.01,26.03,18.9,0.96849,1.0033,1.00311,0.97886,48.276,53.406
"2022-05-05 13:20:00",154,0.965,24.38,18.71,0.96661,0.99412,1.00041,0.96479,48.799,54.086
"2022-05-05 13:40:00",155,0.803,18,18.58,0.95553,0.98662,0.98632,0.95839,48.946,54.232
"2022-05-05 14:00:00",156,0.767,17.03,18,0.90486,0.95553,0.94583,0.93705,48.528,53.658
"2022-05-05 14:20:00",157,0.792,17.86,18.2,0.9489,0.96626,0.98485,0.95112,46.96,52.243
"2022-05-05 14:40:00",158,0.76,16.96,17.68,0.90127,0.93879,0.93649,0.91855,48.16,53.701
"2022-05-05 15:00:00",159,0.795,18.36,17.71,0.97507,0.94113,0.99284,0.92866,47.513,53.052
"2022-05-05 15:20:00",160,0.755,17.15,17.18,0.91091,0.91273,0.93357,0.89381,50.118,54.002
"2022-05-05 15:40:00",161,0.762,17.43,17.18,0.92563,0.91266,0.93351,0.88431,47.725,53.42
"2022-05-05 16:00:00",162,0.761,17.61,16.86,0.93571,0.89543,0.94085,0.87121,50.263,53.473
