"TOA5","31221","CR1000X","31221","CR1000X.Std.05.01","CPU:sap_flow.CR1X","24332","Stem_Water_Data"
"TIMESTAMP","RECORD","SWC_Outer","SWC_Inner","Heat_Capacity_Outer","Heat_Capacity_Inner","Pulse_Energy","Pulse_Duration"
"TS","RN","%","%","kJ/m^3","kJ/m^3","J/m","sec"
"","","Smp","Smp","Smp","Smp","Smp","Smp"
"2022-05-03 11:40:00",0,32.49,25.77,2199,1918,317.716,3.001
"2022-05-03 12:00:00",1,32.9,25.01,2216,1886,319.317,3.001
"2022-05-03 12:20:00",2,31.8,25.2,2170,1894,320.574,3.003
"2022-05-03 12:40:00",3,32.75,25.34,2210,1900,320.93,3.003
"2022-05-03 13:00:00",4,31.6,25.25,2162,1896,320.907,3.002
"2022-05-03 13:20:00",5,31.34,25.03,2151,1887,320.119,3.002
"2022-05-03 13:40:00",6,32.35,25.2,2193,1894,319.919,3.001
"2022-05-03 14:00:00",7,31.99,25.44,2178,1904,321.665,3.001
"2022-05-03 14:20:00",8,31.63,25.2,2163,1894,322.676,3.005
"2022-05-03 14:40:00",9,31.77,24.91,2169,1882,321.994,3.002
"2022-05-03 15:00:00",10,31.63,25.2,2163,1894,322.653,3.001
"2022-05-03 15:20:00",11,32.32,25.03,2192,1887,322.189,3.002
"2022-05-03 15:40:00",12,32.39,25.2,2195,1894,321.902,3.002
"2022-05-03 16:00:00",13,31.63,25.27,2163,1897,321.828,3.002
"2022-05-03 16:20:00",14,32.13,25.27,2184,1897,321.726,3.003
"2022-05-03 16:40:00",15,32.46,25.32,2198,1899,321.444,3.001
"2022-05-03 17:00:00",16,31.91,25.2,2175,1894,322.022,3.003
"2022-05-03 17:20:00",17,33.01,25.25,2221,1896,321.645,3.001
"2022-05-03 17:40:00",18,32.75,25.15,2210,1892,322.385,3.005
"2022-05-03 18:00:00",19,32.61,25.15,2204,1892,321.593,3.002
"2022-05-03 18:20:00",20,32.8,25.08,2212,1889,321.157,3.002
"2022-05-03 18:40:00",21,33.09,24.98,2224,1885,320.524,3.001
"2022-05-03 19:00:00",22,32.78,24.86,2211,1880,320.194,3.004
"2022-05-03 19:20:00",23,32.51,24.86,2200,1880,320.223,3.005
"2022-05-03 19:40:00",24,32.9,25.1,2216,1890,319.298,3.002
"2022-05-03 20:00:00",25,32.92,25.2,2217,1894,318.63,3.001
"2022-05-03 20:20:00",26,33.04,25.39,2222,1902,318.568,3.001
"2022-05-03 20:40:00",27,32.7,25.63,2208,1912,318.229,3.005
"2022-05-03 21:00:00",28,32.3,25.6,2191,1911,317.326,3.002
"2022-05-03 21:20:00",29,32.44,25.51,2197,1907,316.605,3.001
"2022-05-03 21:40:00",30,32.82,25.6,2213,1911,316.598,3.005
"2022-05-03 22:00:00",31,32.94,25.48,2218,1906,316.404,3.006
"2022-05-03 22:20:00",32,32.56,25.58,2202,1910,315.742,3.002
"2022-05-03 22:40:00",33,32.15,25.56,2185,1909,315.595,3.001
"2022-05-03 23:00:00",34,32.35,25.6,2193,1911,315.279,3.001
"2022-05-03 23:20:00",35,32.03,25.58,2180,1910,315.777,3.006
"2022-05-03 23:40:00",36,32.42,25.56,2196,1909,315.65,3.006
"2022-05-04 00:00:00",37,32.27,25.44,2190,1904,314.839,3.002
"2022-05-04 00:20:00",38,32.42,25.56,2196,1909,314.958,3.006
"2022-05-04 00:40:00",39,33.04,25.7,2222,1915,313.864,3.002
"2022-05-04 01:00:00",40,32.37,25.79,2194,1919,313.079,3.001
"2022-05-04 01:20:00",41,31.75,25.94,2168,1925,314.014,3.005
"2022-05-04 01:40:00",42,31.82,25.77,2171,1918,313.603,3.003
"2022-05-04 02:00:00",43,31.58,25.79,2161,1919,313.757,3.005
"2022-05-04 02:20:00",44,31.56,25.84,2160,1921,312.767,3.002
"2022-05-04 02:40:00",45,31.41,25.63,2154,1912,312.731,3.002
"2022-05-04 03:00:00",46,31.48,25.6,2157,1911,313.224,3.001
"2022-05-04 03:20:00",47,31.53,25.34,2159,1900,312.65,3.002
"2022-05-04 03:40:00",48,31.39,25.22,2153,1895,312.519,3.001
"2022-05-04 04:00:00",49,31.39,25.25,2153,1896,313.426,3.005
"2022-05-04 04:20:00",50,31.13,25.1,2142,1890,312.48,3.002
"2022-05-04 04:40:00",51,31.44,24.96,2155,1884,312.916,3.002
"2022-05-04 05:00:00",52,31.1,25.1,2141,1890,312.455,3.001
"2022-05-04 05:20:00",53,31.44,25.05,2155,1888,312.856,3.001
"2022-05-04 05:40:00",54,31.65,25.25,2164,1896,313.491,3.005
"2022-05-04 06:00:00",55,31.27,25.13,2148,1891,312.648,3.002
"2022-05-04 06:20:00",56,30.96,25.08,2135,1889,312.358,3.001
"2022-05-04 06:40:00",57,26.7,24.5,1957,1865,312.961,3.002
"2022-05-04 07:00:00",58,25.65,24.96,1913,1884,313.493,3.002
"2022-05-04 07:20:00",59,30.43,24.67,2113,1872,313.551,3.002
"2022-05-04 07:40:00",60,24.46,23,1863,1802,314.661,3.002
"2022-05-04 08:00:00",61,33.3,25.63,2233,1912,315.316,3.002
"2022-05-04 08:20:00",62,26.8,23.95,1961,1842,315.713,3.001
"2022-05-04 08:40:00",63,-99,22.9,-99,1798,316.629,3.005
"2022-05-04 09:00:00",64,28.54,23.24,2034,1812,316.531,3.001
"2022-05-04 09:20:00",65,37.37,25.27,2403,1897,317.782,3.001
"2022-05-04 09:40:00",66,34.52,25.77,2284,1918,318.454,3.006
"2022-05-04 10:00:00",67,28.33,25.03,2025,1887,318.753,3.004
"2022-05-04 10:20:00",68,28.26,24.79,2022,1877,318.372,3.001
"2022-05-04 10:40:00",69,32.06,25.56,2181,1909,319.068,3.001
"2022-05-04 11:00:00",70,29.43,24.81,2071,1878,319.245,3.002
"2022-05-04 11:20:00",71,32.01,24.48,2179,1864,319.524,3.002
"2022-05-04 11:40:00",72,32.27,25.44,2190,1904,319.549,3.002
"2022-05-04 12:00:00",73,32.54,24.58,2201,1868,319.595,3.001
"2022-05-04 12:20:00",74,31.44,25.13,2155,1891,322.177,3.008
"2022-05-04 12:40:00",75,31.39,25.17,2153,1893,321.856,3.001
"2022-05-04 13:00:00",76,31.15,25.01,2143,1886,321.939,3.002
"2022-05-04 13:20:00",77,31.91,25.1,2175,1890,321.266,3.002
"2022-05-04 13:40:00",78,31.82,25.22,2171,1895,322.204,3.005
"2022-05-04 14:00:00",79,31.03,25.08,2138,1889,321.889,3.001
"2022-05-04 14:20:00",80,31.46,24.86,2156,1880,322.329,3.001
"2022-05-04 14:40:00",81,30.84,24.98,2130,1885,323.118,3.004
"2022-05-04 15:00:00",82,31.56,24.98,2160,1885,323.746,3.004
"2022-05-04 15:20:00",83,31.1,24.89,2141,1881,323.13,3.002
"2022-05-04 15:40:00",84,31.15,24.81,2143,1878,321.934,3.001
"2022-05-04 16:00:00",85,31.27,24.93,2148,1883,322.732,3.005
"2022-05-04 16:20:00",86,31.75,25.17,2168,1893,322.483,3.004
"2022-05-04 16:40:00",87,31.01,25.08,2137,1889,321.726,3.002
"2022-05-04 17:00:00",88,31.39,24.81,2153,1878,321.919,3.001
"2022-05-04 17:20:00",89,31.63,24.62,2163,1870,321.831,3.002
"2022-05-04 17:40:00",90,32.32,24.74,2192,1875,322.174,3.001
"2022-05-04 18:00:00",91,32.15,25.01,2185,1886,321.894,3.002
"2022-05-04 18:20:00",92,32.7,25.05,2208,1888,322.216,3.004
"2022-05-04 18:40:00",93,32.8,24.98,2212,1885,321.174,3.001
"2022-05-04 19:00:00",94,32.73,24.93,2209,1883,320.725,3.006
"2022-05-04 19:20:00",95,33.16,25.05,2227,1888,320.214,3.005
"2022-05-04 19:40:00",96,33.35,25.22,2235,1895,318.8,3.001
"2022-05-04 20:00:00",97,33.28,25.39,2232,1902,318.497,3.001
"2022-05-04 20:20:00",98,33.21,25.6,2229,1911,318.055,3.001
"2022-05-04 20:40:00",99,32.82,25.63,2213,1912,318.087,3.005
"2022-05-04 21:00:00",100,32.73,25.75,2209,1917,317.59,3.003
"2022-05-04 21:20:00",101,32.56,25.68,2202,1914,316.475,3.001
"2022-05-04 21:40:00",102,32.51,25.65,2200,1913,315.543,3.001
"2022-05-04 22:00:00",103,32.68,25.65,2207,1913,315.625,3.001
"2022-05-04 22:20:00",104,32.58,25.7,2203,1915,315.923,3.005
"2022-05-04 22:40:00",105,32.54,25.56,2201,1909,315.56,3.003
"2022-05-04 23:00:00",106,32.66,25.75,2206,1917,315.479,3.003
"2022-05-04 23:20:00",107,32.46,25.7,2198,1915,315.176,3.003
"2022-05-04 23:40:00",108,32.42,25.65,2196,1913,314.888,3.005
"2022-05-05 00:00:00",109,32.25,25.6,2189,1911,313.926,3.001
"2022-05-05 00:20:00",110,32.42,25.75,2196,1917,314.127,3.004
"2022-05-05 00:40:00",111,31.96,25.58,2177,1910,312.925,3.001
"2022-05-05 01:00:00",112,32.11,25.6,2183,1911,313.864,3.005
"2022-05-05 01:20:00",113,32.06,25.53,2181,1908,312.742,3.001
"2022-05-05 01:40:00",114,32.27,25.7,2190,1915,313.185,3.002
"2022-05-05 02:00:00",115,32.13,25.7,2184,1915,313.124,3.003
"2022-05-05 02:20:00",116,32.06,25.65,2181,1913,313.519,3.008
"2022-05-05 02:40:00",117,31.89,25.72,2174,1916,312.545,3.001
"2022-05-05 03:00:00",118,31.6,25.58,2162,1910,312.34,3.002
"2022-05-05 03:20:00",119,31.6,25.79,2162,1919,312.339,3.001
"2022-05-05 03:40:00",120,31.22,25.58,2146,1910,311.6,3.001
"2022-05-05 04:00:00",121,31.65,25.72,2164,1916,311.904,3.002
"2022-05-05 04:20:00",122,31.44,25.75,2155,1917,311.408,3.002
"2022-05-05 04:40:00",123,31.56,25.84,2160,1921,312.098,3.003
"2022-05-05 05:00:00",124,31.46,25.65,2156,1913,312.176,3.004
"2022-05-05 05:20:00",125,31.8,25.53,2170,1908,311.928,3.003
"2022-05-05 05:40:00",126,31.6,25.46,2162,1905,311.564,3.002
"2022-05-05 06:00:00",127,31.53,25.41,2159,1903,311.838,3.002
"2022-05-05 06:20:00",128,30.98,25.27,2136,1897,310.915,3.001
"2022-05-05 06:40:00",129,26.42,24.53,1945,1866,311.785,3.003
"2022-05-05 07:00:00",130,28.19,25.15,2019,1892,312.066,3.004
"2022-05-05 07:20:00",131,27.66,24.1,1997,1848,311.507,3.002
"2022-05-05 07:40:00",132,21.83,21.66,1753,1746,313.745,3.002
"2022-05-05 08:00:00",133,32.35,24.53,2193,1866,315.244,3.006
"2022-05-05 08:20:00",134,24.29,23.45,1856,1821,315.487,3.001
"2022-05-05 08:40:00",135,-99,21.92,-99,1757,315.697,3.001
"2022-05-05 09:00:00",136,23.64,21.66,1829,1746,316.886,3.006
"2022-05-05 09:20:00",137,39.59,24.62,2496,1870,316.62,3.001
"2022-05-05 09:40:00",138,31.8,25.51,2170,1907,317.371,3.002
"2022-05-05 10:00:00",139,31.48,24.34,2157,1858,317.873,3.002
"2022-05-05 10:20:00",140,27.35,24.26,1984,1855,317.94,3.004
