"TOA5","31220","CR1000X","31220","CR1000X.Std.05.01","CPU:sap_flow.CR1X","24332","Stem_Water_Data"
"TIMESTAMP","RECORD","SWC_Outer","SWC_Inner","Heat_Capacity_Outer","Heat_Capacity_Inner","Pulse_Energy","Pulse_Duration"
"TS","RN","%","%","kJ/m^3","kJ/m^3","J/m","sec"
"","","Smp","Smp","Smp","Smp","Smp","Smp"
"2022-05-03 10:40:00",0,46.98,41.31,2805,2568,317.51,3.005
"2022-05-03 11:00:00",1,48.2,40.21,2856,2522,318.163,3.001
"2022-05-03 11:20:00",2,46.98,40.98,2805,2554,318.525,3.002
"2022-05-03 11:40:00",3,47.62,41.17,2832,2562,318.517,3.002
"2022-05-03 12:00:00",4,48.05,41.36,2850,2570,319.522,3.004
"2022-05-03 12:20:00",5,46.86,40.38,2800,2529,318.994,3.002
"2022-05-03 12:40:00",6,46.52,41.31,2786,2568,318.312,3.002
"2022-05-03 13:00:00",7,46.95,40.26,2804,2524,317.403,3.002
"2022-05-03 13:20:00",8,47.69,40.86,2835,2549,317.836,3.003
"2022-05-03 13:40:00",9,49.41,40.98,2907,2554,317.576,3.002
"2022-05-03 14:00:00",10,45.28,40.98,2734,2554,319.34,3.006
"2022-05-03 14:20:00",11,48.39,41.64,2864,2582,320.114,3.004
"2022-05-03 14:40:00",12,47.65,41.74,2833,2586,320.661,3.001
"2022-05-03 15:00:00",13,47.02,40.88,2807,2550,320.749,3.001
"2022-05-03 15:20:00",14,48.17,41.84,2855,2590,321.158,3.002
"2022-05-03 15:40:00",15,52.57,41.29,3039,2567,321.018,3.002
"2022-05-03 16:00:00",16,48.77,43.08,2880,2642,320.847,3.002
"2022-05-03 16:20:00",17,48.51,42.1,2869,2601,320.605,3.002
"2022-05-03 16:40:00",18,50.61,42.53,2957,2619,320.873,3.002
"2022-05-03 17:00:00",19,50.3,42.62,2944,2623,320.505,3.002
"2022-05-03 17:20:00",20,50.99,43.39,2973,2655,320.561,3.006
"2022-05-03 17:40:00",21,51.21,43.89,2982,2676,319.315,3.002
"2022-05-03 18:00:00",22,52.45,43.72,3034,2669,319.453,3.006
"2022-05-03 18:20:00",23,50.59,43.2,2956,2647,318.627,3.005
"2022-05-03 18:40:00",24,51.52,42.96,2995,2637,317.508,3.002
"2022-05-03 19:00:00",25,52.02,43.17,3016,2646,317.529,3.002
"2022-05-03 19:20:00",26,51.78,43.37,3006,2654,317.57,3.004
"2022-05-03 19:40:00",27,52.35,43.61,3030,2664,316.91,3.001
"2022-05-03 20:00:00",28,52.26,43.7,3026,2668,316.42,3.002
"2022-05-03 20:20:00",29,51.83,44.15,3008,2687,316.706,3.001
"2022-05-03 20:40:00",30,51.18,44.42,2981,2698,316.054,3.001
"2022-05-03 21:00:00",31,51.14,44.56,2979,2704,315.816,3.002
"2022-05-03 21:20:00",32,51.21,44.61,2982,2706,315.039,3.001
"2022-05-03 21:40:00",33,51.88,45.14,3010,2728,314.758,3.002
"2022-05-03 22:00:00",34,51.02,45.06,2974,2725,315.302,3.003
"2022-05-03 22:20:00",35,51.45,44.99,2992,2722,314.986,3.001
"2022-05-03 22:40:00",36,51.97,45.04,3014,2724,315.172,3.005
"2022-05-03 23:00:00",37,50.66,45.14,2959,2728,314.744,3.002
"2022-05-03 23:20:00",38,51.18,44.99,2981,2722,314.972,3.004
"2022-05-03 23:40:00",39,51.18,44.97,2981,2721,313.844,3.002
"2022-05-04 00:00:00",40,50.3,44.82,2944,2715,314.172,3.001
"2022-05-04 00:20:00",41,50.2,44.94,2940,2720,313.786,3.002
"2022-05-04 00:40:00",42,51.37,45.52,2989,2744,313.626,3.001
"2022-05-04 01:00:00",43,51.02,45.66,2974,2750,314.24,3.003
"2022-05-04 01:20:00",44,50.8,45.66,2965,2750,314.284,3.004
"2022-05-04 01:40:00",45,50.3,45.64,2944,2749,314.209,3.004
"2022-05-04 02:00:00",46,49.75,44.97,2921,2721,313.88,3.001
"2022-05-04 02:20:00",47,49.87,44.66,2926,2708,313.331,3.001
"2022-05-04 02:40:00",48,49.01,44.73,2890,2711,313.644,3.003
"2022-05-04 03:00:00",49,49.49,44.13,2910,2686,313.681,3.003
"2022-05-04 03:20:00",50,49.34,43.82,2904,2673,313.11,3.002
"2022-05-04 03:40:00",51,48.91,44.23,2886,2690,313.205,3.001
"2022-05-04 04:00:00",52,49.46,44.13,2909,2686,313.638,3.005
"2022-05-04 04:20:00",53,49.58,44.01,2914,2681,313.084,3.002
"2022-05-04 04:40:00",54,49.7,43.92,2919,2677,313.621,3.004
"2022-05-04 05:00:00",55,49.22,44.3,2899,2693,313.534,3.004
"2022-05-04 05:20:00",56,49.65,44.06,2917,2683,313.429,3.005
"2022-05-04 05:40:00",57,49.92,44.49,2928,2701,313.532,3.006
"2022-05-04 06:00:00",58,49.25,44.13,2900,2686,312.683,3.001
"2022-05-04 06:20:00",59,47.55,44.42,2829,2698,313.133,3.003
"2022-05-04 06:40:00",60,44.78,43.58,2713,2663,312.978,3.001
"2022-05-04 07:00:00",61,47.17,42.72,2813,2627,313.417,3.002
"2022-05-04 07:20:00",62,47.43,42.94,2824,2636,313.546,3.003
"2022-05-04 07:40:00",63,43.49,41.98,2659,2596,313.405,3.001
"2022-05-04 08:00:00",64,46.95,42.15,2804,2603,313.42,3.001
"2022-05-04 08:20:00",65,46.45,42.84,2783,2632,314.041,3.001
"2022-05-04 08:40:00",66,47.26,42.05,2817,2599,314.8,3.003
"2022-05-04 09:00:00",67,47.38,42.36,2822,2612,315.428,3.003
"2022-05-04 09:20:00",68,47.17,41.84,2813,2590,316.45,3.001
"2022-05-04 09:40:00",69,47.48,41.55,2826,2578,316.848,3.002
"2022-05-04 10:00:00",70,47.62,40.95,2832,2553,316.515,3.001
"2022-05-04 10:20:00",71,45.83,41.24,2757,2565,317.076,3.001
"2022-05-04 10:40:00",72,49.2,41.55,2898,2578,318.703,3.006
"2022-05-04 11:00:00",73,48.27,41.26,2859,2566,359.595,3.001
"2022-05-04 11:20:00",74,47.72,41.69,2836,2584,355.673,3.003
"2022-05-04 11:40:00",75,47.24,41.05,2816,2557,349.107,3.005
"2022-05-04 12:00:00",76,48.03,40.76,2849,2545,360.376,3.001
"2022-05-04 12:20:00",77,47.6,40.76,2831,2545,343.867,3.003
"2022-05-04 12:40:00",78,48.84,40.74,2883,2544,342.879,3.001
"2022-05-04 13:00:00",79,47.53,40.78,2828,2546,348.589,3.001
"2022-05-04 13:20:00",80,48.86,40.74,2884,2544,341.037,3.002
"2022-05-04 13:40:00",81,48.39,41.31,2864,2568,339.624,3.001
"2022-05-04 14:00:00",82,47.45,41.26,2825,2566,341.132,3.001
"2022-05-04 14:20:00",83,47.72,41,2836,2555,343.435,3.002
"2022-05-04 14:40:00",84,47.6,41.53,2831,2577,382.474,3.002
"2022-05-04 15:00:00",85,46.64,41.45,2791,2574,381.126,3.004
"2022-05-04 15:20:00",86,47.86,41.24,2842,2565,377.845,3.004
"2022-05-04 15:40:00",87,48,40.81,2848,2547,364.306,3.002
"2022-05-04 16:00:00",88,47.55,41.74,2829,2586,357.836,3.004
"2022-05-04 16:20:00",89,49.13,41.12,2895,2560,357.824,3.004
"2022-05-04 16:40:00",90,47.67,41.45,2834,2574,353.377,3.001
"2022-05-04 17:00:00",91,49.2,41.07,2898,2558,352.007,3.003
"2022-05-04 17:20:00",92,50.97,41.93,2972,2594,352.392,3.001
"2022-05-04 17:40:00",93,50.68,42.51,2960,2618,351.005,3.001
"2022-05-04 18:00:00",94,51.83,42.72,3008,2627,350.276,3.003
"2022-05-04 18:20:00",95,51.73,42.39,3004,2613,346.472,3.002
"2022-05-04 18:40:00",96,52.64,42.7,3042,2626,345.397,3.001
"2022-05-04 19:00:00",97,53.62,43.06,3083,2641,344.566,3.002
"2022-05-04 19:20:00",98,52.93,43.17,3054,2646,342.372,3.002
"2022-05-04 19:40:00",99,52.4,43.84,3032,2674,342.076,3.003
"2022-05-04 20:00:00",100,51.95,44.2,3013,2689,341.061,3.002
"2022-05-04 20:20:00",101,51.83,45.02,3008,2723,341.582,3.005
"2022-05-04 20:40:00",102,51.57,44.78,2997,2713,340.261,3.002
"2022-05-04 21:00:00",103,51.47,44.51,2993,2702,339.852,3.002
"2022-05-04 21:20:00",104,51.26,44.15,2984,2687,338.926,3.002
"2022-05-04 21:40:00",105,51.78,44.56,3006,2704,339.154,3.002
"2022-05-04 22:00:00",106,52.07,44.8,3018,2714,339.408,3.006
"2022-05-04 22:20:00",107,52.09,45.21,3019,2731,338.529,3.002
"2022-05-04 22:40:00",108,51.35,44.94,2988,2720,338.18,3.001
"2022-05-04 23:00:00",109,51.45,45.23,2992,2732,338.727,3.004
"2022-05-04 23:20:00",110,51.69,45.59,3002,2747,337.644,3.001
"2022-05-04 23:40:00",111,51.64,45.37,3000,2738,337.486,3.001
"2022-05-05 00:00:00",112,50.85,44.87,2967,2717,336.88,3.002
"2022-05-05 00:20:00",113,50.49,45.54,2952,2745,337.303,3.002
"2022-05-05 00:40:00",114,50.13,45.4,2937,2739,336.673,3.001
"2022-05-05 01:00:00",115,49.75,45.09,2921,2726,336.962,3.004
"2022-05-05 01:20:00",116,49.92,45.21,2928,2731,336.64,3.002
"2022-05-05 01:40:00",117,49.8,45.3,2923,2735,336.097,3.001
"2022-05-05 02:00:00",118,49.27,45.23,2901,2732,336.754,3.004
"2022-05-05 02:20:00",119,49.39,44.94,2906,2720,336.227,3.001
"2022-05-05 02:40:00",120,49.22,44.99,2899,2722,335.498,3.001
"2022-05-05 03:00:00",121,49.56,45.11,2913,2727,336.074,3.003
"2022-05-05 03:20:00",122,49.1,45.06,2894,2725,335.867,3.003
"2022-05-05 03:40:00",123,49.7,45.02,2919,2723,335.652,3.005
"2022-05-05 04:00:00",124,49.32,44.68,2903,2709,334.888,3.001
"2022-05-05 04:20:00",125,49.56,44.51,2913,2702,334.936,3.002
"2022-05-05 04:40:00",126,49.25,44.25,2900,2691,334.588,3.002
"2022-05-05 05:00:00",127,49.44,44.42,2908,2698,335.42,3.004
"2022-05-05 05:20:00",128,49.68,44.25,2918,2691,335.592,3.006
"2022-05-05 05:40:00",129,49.68,44.23,2918,2690,334.461,3.002
"2022-05-05 06:00:00",130,49.27,44.06,2901,2683,334.618,3.002
"2022-05-05 06:20:00",131,47.55,44.63,2829,2707,337.541,3.005
"2022-05-05 06:40:00",132,43.06,43.94,2641,2678,342.563,3.001
"2022-05-05 07:00:00",133,44.3,42.55,2693,2620,347.474,3.004
"2022-05-05 07:20:00",134,46.55,43.65,2787,2666,351.576,3.004
"2022-05-05 07:40:00",135,44.04,42.03,2682,2598,357.539,3.001
"2022-05-05 08:00:00",136,43.7,41.48,2668,2575,371.974,3.002
"2022-05-05 08:20:00",137,44.49,40.43,2701,2531,346.553,3.005
"2022-05-05 08:40:00",138,47.33,39.9,2820,2509,342.571,3.002
"2022-05-05 09:00:00",139,46.57,40.38,2788,2529,352.647,3.001
"2022-05-05 09:20:00",140,45.09,39.21,2726,2480,346.772,3.001
"2022-05-05 09:40:00",141,45.11,38.87,2727,2466,343.019,3.001
"2022-05-05 10:00:00",142,46.23,39.13,2774,2477,341.885,3.001
"2022-05-05 10:20:00",143,46.83,39.13,2799,2477,356.027,3.001
"2022-05-05 10:40:00",144,48.36,39.13,2863,2477,356.99,3.001
"2022-05-05 11:00:00",145,47.02,39.02,2807,2472,357.066,3.001
"2022-05-05 11:20:00",146,48.31,38.97,2861,2470,357.738,3.002
"2022-05-05 11:40:00",147,47.91,38.85,2844,2465,379.166,3.002
"2022-05-05 12:00:00",148,47.57,38.61,2830,2455,359.003,3.002
"2022-05-05 12:20:00",149,48.12,38.3,2853,2442,359.843,3.003
"2022-05-05 12:40:00",150,47.62,38.61,2832,2455,371.484,3.001
"2022-05-05 13:00:00",151,47.53,38.9,2828,2467,347.573,3.006
"2022-05-05 13:20:00",152,47.84,38.94,2841,2469,345.124,3.002
